6.803075e+05
6.803123e+05
6.803182e+05
6.803253e+05
6.803339e+05
6.803443e+05
6.803568e+05
6.803716e+05
6.803893e+05
6.804102e+05
6.804349e+05
6.804640e+05
6.804979e+05
6.805375e+05
6.805835e+05
6.806369e+05
6.806984e+05
6.807694e+05
6.808509e+05
6.809443e+05
6.810510e+05
6.811728e+05
6.813114e+05
6.814688e+05
6.816473e+05
6.818492e+05
6.820772e+05
6.823341e+05
6.826232e+05
6.829476e+05
6.833112e+05
6.837178e+05
6.841714e+05
6.846767e+05
6.852381e+05
6.858603e+05
6.865484e+05
6.873071e+05
6.881416e+05
6.890566e+05
6.900569e+05
6.911468e+05
6.923303e+05
6.936107e+05
6.949905e+05
6.964715e+05
6.980543e+05
6.997384e+05
7.015218e+05
7.034012e+05
7.053718e+05
7.074273e+05
7.095598e+05
7.117597e+05
7.140164e+05
7.163181e+05
7.186522e+05
7.210063e+05
7.233678e+05
7.257249e+05
7.280673e+05
7.303868e+05
7.326782e+05
7.349394e+05
7.371727e+05
7.393842e+05
7.415840e+05
7.437862e+05
7.460081e+05
7.482691e+05
7.505893e+05
7.529886e+05
7.554850e+05
7.580935e+05
7.608255e+05
7.636885e+05
7.666860e+05
7.698181e+05
7.730818e+05
7.764714e+05
7.799792e+05
7.813499e+05
7.827333e+05
7.841287e+05
7.855353e+05
7.869520e+05
7.883777e+05
7.898112e+05
7.912507e+05
7.926950e+05
7.941422e+05
7.955909e+05
7.970390e+05
7.984847e+05
7.999259e+05
8.013604e+05
8.027857e+05
8.041997e+05
8.056001e+05
8.069849e+05
8.083518e+05
8.096987e+05
8.110234e+05
8.123241e+05
8.135990e+05
8.148468e+05
8.160662e+05
8.172568e+05
8.184182e+05
8.195510e+05
8.206561e+05
8.217351e+05
8.227892e+05
8.238196e+05
8.248282e+05
8.258177e+05
8.267911e+05
8.277515e+05
8.287018e+05
8.296444e+05
8.305816e+05
8.315149e+05
8.324453e+05
8.333728e+05
8.342964e+05
8.352141e+05
8.361231e+05
8.370187e+05
8.378960e+05
8.387506e+05
8.395782e+05
8.403756e+05
8.411405e+05
8.418724e+05
8.425720e+05
8.432410e+05
8.438820e+05
8.444978e+05
8.450918e+05
8.456674e+05
8.462282e+05
8.467778e+05
8.473198e+05
8.478577e+05
8.483950e+05
8.489350e+05
8.494809e+05
8.500361e+05
8.506036e+05
8.511865e+05
8.517876e+05
8.524096e+05
8.530551e+05
8.537268e+05
8.544268e+05
8.551575e+05
8.559206e+05
8.567180e+05
8.575515e+05
8.584224e+05
8.593321e+05
8.602815e+05
8.612717e+05
8.623033e+05
8.633769e+05
8.644929e+05
8.656514e+05
8.668526e+05
8.680962e+05
8.693821e+05
8.707100e+05
8.720793e+05
8.734894e+05
8.749396e+05
8.764292e+05
8.779573e+05
8.795230e+05
8.811253e+05
8.827631e+05
8.844354e+05
8.861411e+05
8.878790e+05
8.896480e+05
8.914469e+05
8.932745e+05
8.951296e+05
8.970112e+05
8.989179e+05
9.008488e+05
9.028027e+05
9.047784e+05
9.067749e+05
9.087913e+05
9.108264e+05
9.128793e+05
9.149491e+05
9.170349e+05
9.191359e+05
9.212512e+05
9.233801e+05
9.255218e+05
9.276759e+05
9.298415e+05
9.320181e+05
9.342050e+05
9.364016e+05
9.386072e+05
9.408213e+05
9.430434e+05
9.452730e+05
9.475096e+05
9.497527e+05
9.520019e+05
9.542569e+05
9.565172e+05
9.587826e+05
9.610527e+05
9.633272e+05
9.656060e+05
9.678887e+05
9.701754e+05
9.724657e+05
9.747596e+05
9.770570e+05
9.793576e+05
9.816611e+05
9.839676e+05
9.862767e+05
9.885883e+05
9.909022e+05
9.932183e+05
9.955363e+05
9.978564e+05
1.000178e+06
1.002502e+06
1.004827e+06
1.007155e+06
1.009483e+06
1.011814e+06
1.014146e+06
1.016480e+06
1.018816e+06
1.021154e+06
1.023494e+06
1.025836e+06
1.028179e+06
1.030524e+06
1.032870e+06
1.035218e+06
1.037567e+06
1.039918e+06
1.042271e+06
1.044625e+06
1.046981e+06
1.049339e+06
1.051699e+06
1.054060e+06
1.056424e+06
1.058789e+06
1.061157e+06
1.063527e+06
1.065898e+06
1.068273e+06
1.070649e+06
1.073027e+06
1.075408e+06
1.077791e+06
1.080176e+06
1.082564e+06
1.084954e+06
1.087346e+06
1.089741e+06
1.092138e+06
1.094537e+06
1.096940e+06
1.099346e+06
1.101754e+06
1.104166e+06
1.106581e+06
1.108999e+06
1.111420e+06
1.113844e+06
1.116272e+06
1.118703e+06
1.121137e+06
1.123575e+06
1.126015e+06
1.128460e+06
1.130907e+06
1.133359e+06
1.135814e+06
1.138273e+06
1.140736e+06
1.143203e+06
1.145675e+06
1.148151e+06
1.150631e+06
1.153115e+06
1.155603e+06
1.158096e+06
1.160593e+06
1.163094e+06
1.165600e+06
1.168111e+06
1.170626e+06
1.173146e+06
1.175670e+06
1.178200e+06
1.180735e+06
1.183275e+06
1.185820e+06
1.188371e+06
1.190926e+06
1.193488e+06
1.196054e+06
1.198626e+06
1.201203e+06
1.203786e+06
1.206375e+06
1.208969e+06
1.211569e+06
1.214175e+06
1.216787e+06
1.219405e+06
1.222029e+06
1.224659e+06
1.227296e+06
1.229939e+06
1.232588e+06
1.235244e+06
1.237906e+06
1.240575e+06
1.243251e+06
1.245933e+06
1.248622e+06
1.251318e+06
1.254021e+06
1.256731e+06
1.259448e+06
1.262172e+06
1.264904e+06
1.267642e+06
1.270389e+06
1.273143e+06
1.275904e+06
1.278673e+06
1.281450e+06
1.284234e+06
1.287026e+06
1.289826e+06
1.292634e+06
1.295450e+06
1.298274e+06
1.301107e+06
1.303947e+06
1.306796e+06
1.309654e+06
1.312520e+06
1.315395e+06
1.318278e+06
1.321170e+06
1.324071e+06
1.326981e+06
1.329900e+06
1.332828e+06
1.335765e+06
1.338712e+06
1.341667e+06
1.344632e+06
1.347607e+06
1.350591e+06
1.353585e+06
1.356589e+06
1.359603e+06
1.362626e+06
1.365660e+06
1.368703e+06
1.371756e+06
1.374820e+06
1.377894e+06
1.380978e+06
1.384072e+06
1.387177e+06
1.390293e+06
1.393419e+06
1.396556e+06
1.399704e+06
1.402863e+06
1.406033e+06
1.409215e+06
1.412407e+06
1.415611e+06
1.418826e+06
1.422053e+06
1.425291e+06
1.428540e+06
1.431801e+06
1.435074e+06
1.438359e+06
1.441655e+06
1.444964e+06
1.448285e+06
1.451618e+06
1.454963e+06
1.458321e+06
1.461692e+06
1.465075e+06
1.468471e+06
1.471880e+06
1.475302e+06
1.478737e+06
1.482184e+06
1.485644e+06
1.489118e+06
1.492605e+06
1.496105e+06
1.499619e+06
1.503147e+06
1.506688e+06
1.510243e+06
1.513811e+06
1.517394e+06
1.520991e+06
1.524602e+06
1.528228e+06
1.531868e+06
1.535522e+06
1.539191e+06
1.542874e+06
1.546573e+06
1.550286e+06
1.554013e+06
1.557756e+06
1.561514e+06
1.565288e+06
1.569076e+06
1.572880e+06
1.576700e+06
1.580534e+06
1.584385e+06
1.588251e+06
1.592133e+06
1.596031e+06
1.599946e+06
1.603876e+06
1.607823e+06
1.611786e+06
1.615766e+06
1.619762e+06
1.623775e+06
1.627805e+06
1.631853e+06
1.635917e+06
1.639999e+06
1.644098e+06
1.648214e+06
1.652348e+06
1.656499e+06
1.660667e+06
1.664854e+06
1.669058e+06
1.673280e+06
1.677520e+06
1.681778e+06
1.686054e+06
1.690349e+06
1.694662e+06
1.698993e+06
1.703343e+06
1.707712e+06
1.712100e+06
1.716506e+06
1.720931e+06
1.725375e+06
1.729838e+06
1.734320e+06
1.738821e+06
1.743342e+06
1.747882e+06
1.752442e+06
1.757021e+06
1.761620e+06
1.766239e+06
1.770877e+06
1.775535e+06
1.780212e+06
1.784909e+06
1.789626e+06
1.794362e+06
1.799118e+06
1.803895e+06
1.808691e+06
1.813508e+06
1.818345e+06
1.823203e+06
1.828081e+06
1.832980e+06
1.837899e+06
1.842838e+06
1.847798e+06
1.852779e+06
1.857779e+06
1.862799e+06
1.867839e+06
1.872899e+06
1.877980e+06
1.883082e+06
1.888204e+06
1.893347e+06
1.898510e+06
1.903695e+06
1.908900e+06
1.914126e+06
1.919373e+06
1.924641e+06
1.929929e+06
1.935238e+06
1.940567e+06
1.945918e+06
1.951289e+06
1.956680e+06
1.962093e+06
1.967526e+06
1.972980e+06
1.978454e+06
1.983950e+06
1.989467e+06
1.995006e+06
2.000565e+06
2.006146e+06
2.011748e+06
2.017372e+06
2.023018e+06
2.028685e+06
2.034375e+06
2.040086e+06
2.045819e+06
2.051574e+06
2.057352e+06
2.063151e+06
2.068973e+06
2.074817e+06
2.080683e+06
2.086572e+06
2.092484e+06
2.098419e+06
2.104377e+06
2.110359e+06
2.116364e+06
2.122392e+06
2.128445e+06
2.134521e+06
2.140621e+06
2.146746e+06
2.152895e+06
2.159069e+06
2.165268e+06
2.171491e+06
2.177740e+06
2.184015e+06
2.190314e+06
2.196640e+06
2.202991e+06
2.209368e+06
2.215771e+06
2.222201e+06
2.228658e+06
2.235142e+06
2.241653e+06
2.248191e+06
2.254758e+06
2.261353e+06
2.267976e+06
2.274629e+06
2.281310e+06
2.288021e+06
2.294762e+06
2.301534e+06
2.308336e+06
2.315169e+06
2.322034e+06
2.328930e+06
2.335859e+06
2.342820e+06
2.349814e+06
2.356841e+06
2.363902e+06
2.370997e+06
2.378126e+06
2.385290e+06
2.392489e+06
2.399723e+06
2.406993e+06
2.414299e+06
2.421642e+06
2.429021e+06
2.436437e+06
2.443890e+06
2.451380e+06
2.458907e+06
2.466471e+06
2.474073e+06
2.481713e+06
2.489390e+06
2.497106e+06
2.504860e+06
2.512651e+06
2.520479e+06
2.528346e+06
2.536250e+06
2.544191e+06
2.552171e+06
2.560189e+06
2.568244e+06
2.576338e+06
2.584469e+06
2.592638e+06
2.600846e+06
2.609091e+06
2.617374e+06
2.625696e+06
2.634055e+06
2.642452e+06
2.650887e+06
2.659360e+06
2.667871e+06
2.676419e+06
2.685006e+06
2.693630e+06
2.702291e+06
2.710990e+06
2.719726e+06
2.728499e+06
2.737308e+06
2.746154e+06
2.755037e+06
2.763955e+06
2.772910e+06
2.781900e+06
2.790925e+06
2.799985e+06
2.809080e+06
2.818210e+06
2.827373e+06
2.836571e+06
2.845802e+06
2.855066e+06
2.864363e+06
2.873693e+06
2.883054e+06
2.892448e+06
2.901873e+06
2.911328e+06
2.920815e+06
2.930332e+06
2.939878e+06
2.949454e+06
2.959059e+06
2.968693e+06
2.978354e+06
2.988043e+06
2.997759e+06
3.007502e+06
3.017271e+06
3.027065e+06
3.036885e+06
3.046730e+06
3.056600e+06
3.066493e+06
3.076411e+06
3.086351e+06
3.096314e+06
3.106300e+06
3.116307e+06
3.126336e+06
3.136386e+06
3.146457e+06
3.156547e+06
3.166657e+06
3.176787e+06
3.186934e+06
3.197100e+06
3.207284e+06
3.217485e+06
3.227703e+06
3.237937e+06
3.248187e+06
3.258452e+06
3.268731e+06
3.279025e+06
3.289333e+06
3.299653e+06
3.309987e+06
3.320333e+06
3.330690e+06
3.341059e+06
3.351439e+06
3.361829e+06
3.372230e+06
3.382640e+06
3.393059e+06
3.403486e+06
3.413923e+06
3.424366e+06
3.434818e+06
3.445276e+06
3.455740e+06
3.466210e+06
3.476687e+06
3.487168e+06
3.497654e+06
3.508144e+06
3.518639e+06
3.529136e+06
3.539637e+06
3.550141e+06
3.560648e+06
3.571156e+06
3.581667e+06
3.592178e+06
3.602691e+06
3.613205e+06
3.623719e+06
3.634235e+06
3.644750e+06
3.655266e+06
3.665781e+06
3.676297e+06
3.686812e+06
3.697328e+06
3.707842e+06
3.718357e+06
3.728871e+06
3.739385e+06
3.749899e+06
3.760412e+06
3.770926e+06
3.781439e+06
3.791953e+06
3.802467e+06
3.812981e+06
3.823497e+06
3.834014e+06
3.844533e+06
3.855053e+06
3.865576e+06
3.876102e+06
3.886631e+06
3.897164e+06
3.907702e+06
3.918244e+06
3.928793e+06
3.939347e+06
3.949909e+06
3.960479e+06
3.971058e+06
3.981646e+06
3.992245e+06
4.002854e+06
4.013476e+06
4.024111e+06
4.034761e+06
4.045425e+06
4.056105e+06
4.066802e+06
4.077517e+06
4.088251e+06
4.099005e+06
4.109780e+06
4.120578e+06
4.131399e+06
4.142244e+06
4.153115e+06
4.164012e+06
4.174937e+06
4.185890e+06
4.196873e+06
4.207887e+06
4.218932e+06
4.230011e+06
4.241124e+06
4.252273e+06
4.263458e+06
4.274680e+06
4.285940e+06
4.297241e+06
4.308581e+06
4.319964e+06
4.331389e+06
4.342858e+06
4.354372e+06
4.365932e+06
4.377539e+06
4.389193e+06
4.400897e+06
4.412650e+06
4.424453e+06
4.436308e+06
4.448214e+06
4.460174e+06
4.472187e+06
4.484254e+06
4.496376e+06
4.508555e+06
4.520789e+06
4.533080e+06
4.545428e+06
4.557834e+06
4.570298e+06
4.582821e+06
4.595404e+06
4.608046e+06
4.620747e+06
4.633509e+06
4.646331e+06
4.659214e+06
4.672158e+06
4.685163e+06
4.698229e+06
4.711357e+06
4.724546e+06
4.737797e+06
4.751110e+06
4.764485e+06
4.777923e+06
4.791422e+06
4.804984e+06
4.818608e+06
4.832295e+06
4.846043e+06
4.859854e+06
4.873727e+06
4.887662e+06
4.901660e+06
4.915719e+06
4.929840e+06
4.944024e+06
4.958269e+06
4.972575e+06
4.986942e+06
5.001370e+06
5.015859e+06
5.030408e+06
5.045016e+06
5.059685e+06
5.074413e+06
5.089200e+06
5.104046e+06
5.118951e+06
5.133913e+06
5.148934e+06
5.164012e+06
5.179147e+06
5.194338e+06
5.209591e+06
5.224894e+06
5.240252e+06
5.255665e+06
5.271132e+06
5.286653e+06
5.302228e+06
5.317856e+06
5.333537e+06
5.349270e+06
5.365054e+06
5.380890e+06
5.396776e+06
5.412713e+06
5.428700e+06
5.444736e+06
5.460821e+06
5.476955e+06
5.493137e+06
5.509367e+06
5.525645e+06
5.541969e+06
5.558340e+06
5.574757e+06
5.591219e+06
5.607728e+06
5.624281e+06
5.640878e+06
5.657521e+06
5.674208e+06
5.690938e+06
5.707712e+06
5.724530e+06
5.741391e+06
5.758294e+06
5.775241e+06
5.792230e+06
5.809261e+06
5.826334e+06
5.843450e+06
5.860607e+06
5.877805e+06
5.895045e+06
5.912327e+06
5.929649e+06
5.947013e+06
5.964417e+06
5.981862e+06
5.999347e+06
6.016872e+06
6.034438e+06
6.052044e+06
6.069689e+06
6.087375e+06
6.105100e+06
6.122865e+06
6.140669e+06
6.158513e+06
6.176396e+06
6.194318e+06
6.212279e+06
6.230279e+06
6.248319e+06
6.266396e+06
6.284513e+06
6.302669e+06
6.320863e+06
6.339095e+06
6.357366e+06
6.375675e+06
6.394022e+06
6.412408e+06
6.430833e+06
6.449295e+06
6.467796e+06
6.486335e+06
6.504913e+06
6.523529e+06
6.542183e+06
6.560875e+06
6.579606e+06
6.598375e+06
6.617182e+06
6.636028e+06
6.654912e+06
6.673835e+06
6.692796e+06
6.711797e+06
6.730836e+06
6.749915e+06
6.769033e+06
6.788190e+06
6.807387e+06
6.826623e+06
6.845899e+06
6.865214e+06
6.884569e+06
6.903965e+06
6.923400e+06
6.942876e+06
6.962392e+06
6.981950e+06
7.001547e+06
7.021186e+06
7.040866e+06
7.060587e+06
7.080349e+06
7.100154e+06
7.119999e+06
7.139887e+06
7.159817e+06
7.179789e+06
7.199803e+06
7.219860e+06
7.239960e+06
7.260102e+06
7.280287e+06
7.300516e+06
7.320787e+06
7.341102e+06
7.361460e+06
7.381861e+06
7.402306e+06
7.422795e+06
7.443329e+06
7.463905e+06
7.484525e+06
7.505189e+06
7.525897e+06
7.546649e+06
7.567446e+06
7.588287e+06
7.609174e+06
7.630104e+06
7.651080e+06
7.672102e+06
7.693168e+06
7.714280e+06
7.735438e+06
7.756642e+06
7.777891e+06
7.799187e+06
7.820528e+06
7.841916e+06
7.863350e+06
7.884831e+06
7.906359e+06
7.927934e+06
7.949555e+06
7.971224e+06
7.992941e+06
8.014705e+06
8.036517e+06
8.058378e+06
8.080286e+06
8.102243e+06
8.124249e+06
8.146303e+06
8.168407e+06
8.190559e+06
8.212761e+06
8.235012e+06
8.257313e+06
8.279663e+06
8.302063e+06
8.324513e+06
8.347013e+06
8.369564e+06
8.392165e+06
8.414816e+06
8.437518e+06
8.460272e+06
8.483076e+06
8.505931e+06
8.528837e+06
8.551795e+06
8.574805e+06
8.597866e+06
8.620979e+06
8.644144e+06
8.667361e+06
8.690630e+06
8.713951e+06
8.737325e+06
8.760751e+06
8.784230e+06
8.807761e+06
8.831345e+06
8.854982e+06
8.878672e+06
8.902415e+06
8.926211e+06
8.950060e+06
8.973962e+06
8.997918e+06
9.021927e+06
9.045989e+06
9.070106e+06
9.094276e+06
9.118500e+06
9.142777e+06
9.167109e+06
9.191495e+06
9.215936e+06
9.240431e+06
9.264980e+06
9.289585e+06
9.314244e+06
9.338958e+06
9.363727e+06
9.388552e+06
9.413432e+06
9.438367e+06
9.463358e+06
9.488405e+06
9.513507e+06
9.538665e+06
9.563879e+06
9.589149e+06
9.614476e+06
9.639858e+06
9.665297e+06
9.690792e+06
9.716344e+06
9.741953e+06
9.767618e+06
9.793340e+06
9.819119e+06
9.844956e+06
9.870849e+06
9.896800e+06
9.922808e+06
9.948874e+06
9.974998e+06
1.000118e+07
1.002742e+07
1.005372e+07
1.008007e+07
1.010648e+07
1.013296e+07
1.015949e+07
1.018607e+07
1.021272e+07
1.023943e+07
1.026619e+07
1.029302e+07
1.031990e+07
1.034684e+07
1.037384e+07
1.040090e+07
1.042802e+07
1.045519e+07
1.048243e+07
1.050972e+07
1.053708e+07
1.056449e+07
1.059197e+07
1.061950e+07
1.064709e+07
1.067474e+07
1.070246e+07
1.073023e+07
1.075806e+07
1.078595e+07
1.081390e+07
1.084191e+07
1.086998e+07
1.089811e+07
1.092630e+07
1.095454e+07
1.098285e+07
1.101122e+07
1.103965e+07
1.106814e+07
1.109669e+07
1.112530e+07
1.115397e+07
1.118270e+07
1.121149e+07
1.124034e+07
1.126925e+07
1.129822e+07
1.132725e+07
1.135634e+07
1.138549e+07
1.141471e+07
1.144398e+07
1.147331e+07
1.150271e+07
1.153216e+07
1.156169e+07
1.159126e+07
1.162090e+07
1.165060e+07
1.168035e+07
1.171017e+07
1.174005e+07
1.177000e+07
1.180000e+07
1.183006e+07
1.186019e+07
1.189037e+07
1.192062e+07
1.195093e+07
1.198130e+07
1.201173e+07
1.204222e+07
1.207277e+07
1.210339e+07
1.213406e+07
1.216480e+07
1.219560e+07
1.222646e+07
1.225738e+07
1.228836e+07
1.231940e+07
1.235051e+07
1.238167e+07
1.241290e+07
1.244419e+07
1.247554e+07
1.250695e+07
1.253842e+07
1.256996e+07
1.260155e+07
1.263321e+07
1.266493e+07
1.269671e+07
1.272855e+07
1.276045e+07
1.279241e+07
1.282444e+07
1.285652e+07
1.288867e+07
1.292088e+07
1.295315e+07
1.298548e+07
1.301787e+07
1.305033e+07
1.308284e+07
1.311542e+07
1.314805e+07
1.318075e+07
1.321351e+07
1.324633e+07
1.327921e+07
1.331215e+07
1.334516e+07
1.337822e+07
1.341135e+07
1.344454e+07
1.347778e+07
1.351109e+07
1.354447e+07
1.357790e+07
1.361139e+07
1.364494e+07
1.367855e+07
1.371223e+07
1.374596e+07
1.377976e+07
1.381362e+07
1.384753e+07
1.388151e+07
1.391555e+07
1.394965e+07
1.398381e+07
1.401803e+07
1.405231e+07
1.408665e+07
1.412106e+07
1.415552e+07
1.419004e+07
1.422463e+07
1.425927e+07
1.429398e+07
1.432874e+07
1.436357e+07
1.439845e+07
1.443340e+07
1.446840e+07
1.450347e+07
1.453859e+07
1.457378e+07
1.460903e+07
1.464433e+07
1.467970e+07
1.471512e+07
1.475061e+07
1.478615e+07
1.482176e+07
1.485743e+07
1.489315e+07
1.492894e+07
1.496478e+07
1.500068e+07
1.503665e+07
1.507267e+07
1.510875e+07
1.514490e+07
1.518110e+07
1.521736e+07
1.525368e+07
1.529006e+07
1.532650e+07
1.536300e+07
1.539956e+07
1.543617e+07
1.547285e+07
1.550958e+07
1.554638e+07
1.558323e+07
1.562014e+07
1.565711e+07
1.569414e+07
1.573123e+07
1.576838e+07
1.580558e+07
1.584285e+07
1.588017e+07
1.591755e+07
1.595500e+07
1.599249e+07
1.603005e+07
1.606767e+07
1.610534e+07
1.614308e+07
1.618087e+07
1.621872e+07
1.625662e+07
1.629459e+07
1.633261e+07
1.637070e+07
1.640884e+07
1.644704e+07
1.648530e+07
1.652361e+07
1.656199e+07
1.660042e+07
1.663891e+07
1.667746e+07
1.671606e+07
1.675473e+07
1.679345e+07
1.683223e+07
1.687107e+07
1.690996e+07
1.694892e+07
1.698793e+07
1.702700e+07
1.706613e+07
1.710531e+07
1.714456e+07
1.718386e+07
1.722321e+07
1.726263e+07
1.730210e+07
1.734164e+07
1.738122e+07
1.742087e+07
1.746058e+07
1.750034e+07
1.754016e+07
1.758003e+07
1.761997e+07
1.765996e+07
1.770001e+07
1.774012e+07
1.778028e+07
1.782051e+07
1.786079e+07
1.790113e+07
1.794152e+07
1.798197e+07
1.802248e+07
1.806305e+07
1.810368e+07
1.814436e+07
1.818510e+07
1.822590e+07
1.826675e+07
1.830766e+07
1.834863e+07
1.838966e+07
1.843074e+07
1.847188e+07
1.851308e+07
1.855433e+07
1.859565e+07
1.863702e+07
1.867844e+07
1.871993e+07
1.876147e+07
1.880307e+07
1.884472e+07
1.888644e+07
1.892821e+07
1.897004e+07
1.901192e+07
1.905386e+07
1.909586e+07
1.913792e+07
1.918003e+07
1.922220e+07
1.926443e+07
1.930671e+07
1.934906e+07
1.939146e+07
1.943391e+07
1.947643e+07
1.951900e+07
1.956163e+07
1.960431e+07
1.964706e+07
1.968986e+07
1.973272e+07
1.977563e+07
1.981861e+07
1.986164e+07
1.990472e+07
1.994787e+07
1.999107e+07
2.003433e+07
2.007765e+07
2.012102e+07
2.016445e+07
2.020794e+07
2.025149e+07
2.029510e+07
2.033876e+07
2.038248e+07
2.042626e+07
2.047009e+07
2.051398e+07
2.055794e+07
2.060194e+07
2.064601e+07
2.069014e+07
2.073432e+07
2.077856e+07
2.082286e+07
2.086721e+07
2.091163e+07
2.095610e+07
2.100063e+07
2.104522e+07
2.108987e+07
2.113457e+07
2.117934e+07
2.122416e+07
2.126904e+07
2.131398e+07
2.135898e+07
2.140404e+07
2.144916e+07
2.149433e+07
2.153957e+07
2.158486e+07
2.163021e+07
2.167562e+07
2.172109e+07
2.176662e+07
2.181221e+07
2.185786e+07
2.190357e+07
2.194933e+07
2.199516e+07
2.204105e+07
2.208699e+07
2.213276e+07
2.217793e+07
2.222244e+07
2.226656e+07
2.231047e+07
2.235416e+07
2.239764e+07
2.244090e+07
2.248395e+07
2.252677e+07
2.256938e+07
2.261178e+07
2.265398e+07
2.269597e+07
2.273776e+07
2.277935e+07
2.282074e+07
2.286194e+07
2.290295e+07
2.294377e+07
2.298440e+07
2.302486e+07
2.306514e+07
2.310525e+07
2.314519e+07
2.318496e+07
2.322457e+07
2.326402e+07
2.330332e+07
2.334246e+07
2.338146e+07
2.342032e+07
2.345904e+07
2.349762e+07
2.353606e+07
2.357437e+07
2.361256e+07
2.365061e+07
2.368853e+07
2.372633e+07
2.376399e+07
2.380153e+07
2.383894e+07
2.387622e+07
2.391338e+07
2.395041e+07
2.398731e+07
2.402409e+07
2.406074e+07
2.409726e+07
2.413367e+07
2.416995e+07
2.420611e+07
2.424216e+07
2.427810e+07
2.431392e+07
2.434963e+07
2.438523e+07
2.442074e+07
2.445614e+07
2.449144e+07
2.452665e+07
2.456176e+07
2.459679e+07
2.463173e+07
2.466658e+07
2.470136e+07
2.473605e+07
2.477067e+07
2.480521e+07
2.483969e+07
2.487410e+07
2.490844e+07
2.494271e+07
2.497692e+07
2.501107e+07
2.504516e+07
2.507919e+07
2.511316e+07
2.514709e+07
2.518095e+07
2.521476e+07
2.524852e+07
2.528222e+07
2.531589e+07
2.534950e+07
2.538307e+07
2.541660e+07
2.545009e+07
2.548354e+07
2.551695e+07
2.555032e+07
2.558366e+07
2.561697e+07
2.565024e+07
2.568349e+07
2.571671e+07
2.574990e+07
2.578307e+07
2.581621e+07
2.584933e+07
2.588243e+07
2.591550e+07
2.594856e+07
2.598160e+07
2.601461e+07
2.604762e+07
2.608060e+07
2.611357e+07
2.614652e+07
2.617946e+07
2.621239e+07
2.624530e+07
2.627820e+07
2.631109e+07
2.634396e+07
2.637683e+07
2.640968e+07
2.644253e+07
2.647537e+07
2.650819e+07
2.654102e+07
2.657383e+07
2.660664e+07
2.663943e+07
2.667223e+07
2.670502e+07
2.673780e+07
2.677058e+07
2.680335e+07
2.683612e+07
2.686889e+07
2.690165e+07
2.693441e+07
2.696717e+07
2.699993e+07
2.703268e+07
2.706543e+07
2.709818e+07
2.713093e+07
2.716368e+07
2.719643e+07
2.722918e+07
2.726193e+07
2.729468e+07
2.732743e+07
2.736018e+07
2.739294e+07
2.742569e+07
2.745845e+07
2.749121e+07
2.752397e+07
2.755674e+07
2.758951e+07
2.762228e+07
2.765506e+07
2.768783e+07
2.772062e+07
2.775340e+07
2.778619e+07
2.781898e+07
2.785177e+07
2.788457e+07
2.791737e+07
2.795018e+07
2.798298e+07
2.801579e+07
2.804861e+07
2.808142e+07
2.811424e+07
2.814707e+07
2.817989e+07
2.821272e+07
2.824556e+07
2.827839e+07
2.831123e+07
2.834407e+07
2.837692e+07
2.840977e+07
2.844261e+07
2.847547e+07
2.850832e+07
2.854118e+07
2.857404e+07
2.860690e+07
2.863976e+07
2.867262e+07
2.870548e+07
2.873834e+07
2.877121e+07
2.880407e+07
2.883694e+07
2.886980e+07
2.890266e+07
2.893552e+07
2.896838e+07
2.900124e+07
2.903409e+07
2.906694e+07
2.909978e+07
2.913263e+07
2.916546e+07
2.919829e+07
2.923112e+07
2.926394e+07
2.929675e+07
2.932956e+07
2.936236e+07
2.939515e+07
2.942793e+07
2.946070e+07
2.949346e+07
2.952621e+07
2.955894e+07
2.959166e+07
2.962437e+07
2.965707e+07
2.968975e+07
2.972241e+07
2.975505e+07
2.978767e+07
2.982028e+07
2.985286e+07
2.988542e+07
2.991795e+07
2.995046e+07
2.998295e+07
3.001540e+07
3.004783e+07
3.008023e+07
3.011260e+07
3.014494e+07
3.017724e+07
3.020951e+07
3.024174e+07
3.027393e+07
3.030609e+07
3.033820e+07
3.037028e+07
3.040231e+07
3.043429e+07
3.046623e+07
3.049813e+07
3.052997e+07
3.056176e+07
3.059350e+07
3.062518e+07
3.065680e+07
3.068836e+07
3.071986e+07
3.075130e+07
3.078267e+07
3.081397e+07
3.084520e+07
3.087636e+07
3.090744e+07
3.093845e+07
3.096937e+07
3.100021e+07
3.103097e+07
3.106163e+07
3.109221e+07
3.112269e+07
3.115307e+07
3.118335e+07
3.121353e+07
3.124360e+07
3.127356e+07
3.130341e+07
3.133314e+07
3.136276e+07
3.139224e+07
3.142160e+07
3.145083e+07
3.147993e+07
3.150888e+07
3.153769e+07
3.156636e+07
3.159487e+07
3.162323e+07
3.165143e+07
3.167947e+07
3.170734e+07
3.173503e+07
3.176255e+07
3.178988e+07
3.181703e+07
3.184399e+07
3.187075e+07
3.189731e+07
3.192366e+07
3.194980e+07
3.197572e+07
3.200142e+07
3.202689e+07
3.205212e+07
3.207712e+07
3.210188e+07
3.212640e+07
3.215062e+07
3.217445e+07
3.219784e+07
3.222095e+07
3.224392e+07
3.226675e+07
3.228935e+07
3.231165e+07
3.233363e+07
3.235530e+07
3.237664e+07
3.239767e+07
3.241836e+07
3.243871e+07
3.245872e+07
3.247837e+07
3.249767e+07
3.251660e+07
3.253516e+07
3.255334e+07
3.257114e+07
3.258854e+07
3.260555e+07
3.262215e+07
3.263834e+07
3.265412e+07
3.266947e+07
3.268439e+07
3.269887e+07
3.271291e+07
3.272650e+07
3.273963e+07
3.275230e+07
3.276451e+07
3.277624e+07
3.278749e+07
3.279826e+07
3.280854e+07
3.281832e+07
3.282760e+07
3.283638e+07
3.284464e+07
3.285240e+07
3.285962e+07
3.286633e+07
3.287251e+07
3.287815e+07
3.288326e+07
3.288782e+07
3.289185e+07
3.289532e+07
3.289825e+07
3.290062e+07
3.290244e+07
3.290370e+07
3.290440e+07
3.290454e+07
3.290412e+07
3.290313e+07
3.290158e+07
3.289947e+07
3.289678e+07
3.289353e+07
3.288972e+07
3.288534e+07
3.288040e+07
3.287489e+07
3.286882e+07
3.286219e+07
3.285500e+07
3.284726e+07
3.283897e+07
3.283013e+07
3.282074e+07
3.281081e+07
3.280035e+07
3.278935e+07
3.277782e+07
3.276577e+07
3.275321e+07
3.274013e+07
3.272654e+07
3.271245e+07
3.269787e+07
3.268280e+07
3.266725e+07
3.265122e+07
3.263473e+07
3.261778e+07
3.260037e+07
3.258253e+07
3.256424e+07
3.254553e+07
3.252641e+07
3.250687e+07
3.248693e+07
3.246660e+07
3.244589e+07
3.242481e+07
3.240336e+07
3.238156e+07
3.235942e+07
3.233694e+07
3.231414e+07
3.229103e+07
3.226761e+07
3.224389e+07
3.221990e+07
3.219563e+07
3.217110e+07
3.214632e+07
3.212129e+07
3.209603e+07
3.207055e+07
3.204485e+07
3.201896e+07
3.199287e+07
3.196660e+07
3.194016e+07
3.191355e+07
3.188679e+07
3.185989e+07
3.183285e+07
3.180569e+07
3.177841e+07
3.175103e+07
3.172355e+07
3.169598e+07
3.166834e+07
3.164062e+07
3.161285e+07
3.158503e+07
3.155717e+07
3.152929e+07
3.150138e+07
3.147347e+07
3.144557e+07
3.141768e+07
3.138983e+07
3.136202e+07
3.133427e+07
3.130660e+07
3.127901e+07
3.125153e+07
3.122418e+07
3.119696e+07
3.116990e+07
3.114302e+07
3.111632e+07
3.108984e+07
3.106358e+07
3.103755e+07
3.101178e+07
3.098628e+07
3.096106e+07
3.093612e+07
3.091148e+07
3.088715e+07
3.086314e+07
3.083944e+07
3.081607e+07
3.079302e+07
3.077030e+07
3.074790e+07
3.072584e+07
3.070409e+07
3.068268e+07
3.066160e+07
3.064085e+07
3.062042e+07
3.060033e+07
3.058056e+07
3.056112e+07
3.054202e+07
3.052324e+07
3.050480e+07
3.048670e+07
3.046893e+07
3.045150e+07
3.043441e+07
3.041767e+07
3.040127e+07
3.038521e+07
3.036951e+07
3.035415e+07
3.033915e+07
3.032449e+07
3.031020e+07
3.029626e+07
3.028267e+07
3.026945e+07
3.025659e+07
3.024409e+07
3.023195e+07
3.022018e+07
3.020878e+07
3.019774e+07
3.018707e+07
3.017678e+07
3.016685e+07
3.015730e+07
3.014811e+07
3.013930e+07
3.013086e+07
3.012280e+07
3.011511e+07
3.010779e+07
3.010084e+07
3.009427e+07
3.008807e+07
3.008224e+07
3.007678e+07
3.007169e+07
3.006698e+07
3.006263e+07
3.005865e+07
3.005504e+07
3.005179e+07
3.004891e+07
3.004639e+07
3.004424e+07
3.004244e+07
3.004101e+07
3.003993e+07
3.003920e+07
3.003883e+07
3.003881e+07
3.003914e+07
3.003982e+07
3.004084e+07
3.004220e+07
3.004390e+07
3.004594e+07
3.004832e+07
3.005103e+07
3.005407e+07
3.005743e+07
3.006112e+07
3.006513e+07
3.006947e+07
3.007412e+07
3.007908e+07
3.008435e+07
3.008993e+07
3.009582e+07
3.010200e+07
3.010847e+07
3.011524e+07
3.012229e+07
3.012961e+07
3.013722e+07
3.014509e+07
3.015323e+07
3.016162e+07
3.017027e+07
3.017917e+07
3.018830e+07
3.019768e+07
3.020728e+07
3.021711e+07
3.022717e+07
3.023744e+07
3.024793e+07
3.025862e+07
3.026952e+07
3.028062e+07
3.029192e+07
3.030341e+07
3.031508e+07
3.032694e+07
3.033898e+07
3.035119e+07
3.036357e+07
3.037611e+07
3.038882e+07
3.040168e+07
3.041469e+07
3.042786e+07
3.044116e+07
3.045460e+07
3.046818e+07
3.048189e+07
3.049573e+07
3.050969e+07
3.052377e+07
3.053797e+07
3.055227e+07
3.056669e+07
3.058120e+07
3.059582e+07
3.061054e+07
3.062535e+07
3.064024e+07
3.065522e+07
3.067029e+07
3.068544e+07
3.070066e+07
3.071596e+07
3.073132e+07
3.074676e+07
3.076225e+07
3.077781e+07
3.079343e+07
3.080910e+07
3.082483e+07
3.084061e+07
3.085643e+07
3.087231e+07
3.088822e+07
3.090418e+07
3.092017e+07
3.093620e+07
3.095227e+07
3.096837e+07
3.098449e+07
3.100065e+07
3.101683e+07
3.103304e+07
3.104927e+07
3.106552e+07
3.108179e+07
3.109807e+07
3.111437e+07
3.113069e+07
3.114702e+07
3.116336e+07
3.117971e+07
3.119607e+07
3.121243e+07
3.122880e+07
3.124518e+07
3.126156e+07
3.127794e+07
3.129432e+07
3.131070e+07
3.132709e+07
3.134347e+07
3.135984e+07
3.137621e+07
3.139258e+07
3.140894e+07
3.142529e+07
3.144164e+07
3.145797e+07
3.147430e+07
3.149062e+07
3.150692e+07
3.152322e+07
3.153950e+07
3.155577e+07
3.157203e+07
3.158827e+07
3.160449e+07
3.162070e+07
3.163690e+07
3.165307e+07
3.166923e+07
3.168537e+07
3.170150e+07
3.171760e+07
3.173369e+07
3.174975e+07
3.176580e+07
3.178182e+07
3.179782e+07
3.181380e+07
3.182976e+07
3.184570e+07
3.186161e+07
3.187749e+07
3.189336e+07
3.190920e+07
3.192501e+07
3.194080e+07
3.195657e+07
3.197231e+07
3.198802e+07
3.200370e+07
3.201936e+07
3.203499e+07
3.205059e+07
3.206617e+07
3.208171e+07
3.209723e+07
3.211272e+07
3.212818e+07
3.214360e+07
3.215900e+07
3.217437e+07
3.218970e+07
3.220501e+07
3.222028e+07
3.223552e+07
3.225073e+07
3.226591e+07
3.228105e+07
3.229615e+07
3.231123e+07
3.232627e+07
3.234128e+07
3.235625e+07
3.237118e+07
3.238608e+07
3.240094e+07
3.241577e+07
3.243056e+07
3.244531e+07
3.246003e+07
3.247470e+07
3.248934e+07
3.250394e+07
3.251850e+07
3.253302e+07
3.254750e+07
3.256194e+07
3.257634e+07
3.259069e+07
3.260501e+07
3.261928e+07
3.263351e+07
3.264769e+07
3.266183e+07
3.267593e+07
3.268998e+07
3.270399e+07
3.271795e+07
3.273186e+07
3.274573e+07
3.275955e+07
3.277332e+07
3.278704e+07
3.280071e+07
3.281434e+07
3.282791e+07
3.284144e+07
3.285491e+07
3.286833e+07
3.288170e+07
3.289502e+07
3.290828e+07
3.292149e+07
3.293465e+07
3.294775e+07
3.296079e+07
3.297378e+07
3.298671e+07
3.299959e+07
3.301240e+07
3.302516e+07
3.303786e+07
3.305050e+07
3.306308e+07
3.307559e+07
3.308804e+07
3.310043e+07
3.311276e+07
3.312502e+07
3.313721e+07
3.314934e+07
3.316141e+07
3.317340e+07
3.318532e+07
3.319718e+07
3.320896e+07
3.322068e+07
3.323232e+07
3.324388e+07
3.325538e+07
3.326679e+07
3.327814e+07
3.328940e+07
3.330058e+07
3.331169e+07
3.332272e+07
3.333366e+07
3.334452e+07
3.335530e+07
3.336599e+07
3.337660e+07
3.338712e+07
3.339756e+07
3.340791e+07
3.341816e+07
3.342833e+07
3.343840e+07
3.344838e+07
3.345826e+07
3.346805e+07
3.347775e+07
3.348735e+07
3.349685e+07
3.350625e+07
3.351555e+07
3.352474e+07
3.353384e+07
3.354283e+07
3.355172e+07
3.356050e+07
3.356918e+07
3.357776e+07
3.358622e+07
3.359458e+07
3.360282e+07
3.361096e+07
3.361899e+07
3.362691e+07
3.363472e+07
3.364241e+07
3.365000e+07
3.365747e+07
3.366483e+07
3.367208e+07
3.367921e+07
3.368623e+07
3.369314e+07
3.369994e+07
3.370663e+07
3.371320e+07
3.371966e+07
3.372601e+07
3.373224e+07
3.373837e+07
3.374438e+07
3.375029e+07
3.375609e+07
3.376178e+07
3.376736e+07
3.377283e+07
3.377820e+07
3.378346e+07
3.378862e+07
3.379368e+07
3.379863e+07
3.380348e+07
3.380823e+07
3.381288e+07
3.381744e+07
3.382190e+07
3.382626e+07
3.383053e+07
3.383470e+07
3.383879e+07
3.384279e+07
3.384669e+07
3.385051e+07
3.385424e+07
3.385789e+07
3.386146e+07
3.386494e+07
3.386835e+07
3.387167e+07
3.387492e+07
3.387809e+07
3.388119e+07
3.388422e+07
3.388717e+07
3.389005e+07
3.389286e+07
3.389561e+07
3.389829e+07
3.390090e+07
3.390346e+07
3.390595e+07
3.390837e+07
3.391074e+07
3.391305e+07
3.391531e+07
3.391751e+07
3.391965e+07
3.392174e+07
3.392378e+07
3.392577e+07
3.392771e+07
3.392960e+07
3.393144e+07
3.393323e+07
3.393498e+07
3.393669e+07
3.393835e+07
3.393997e+07
3.394155e+07
3.394309e+07
3.394459e+07
3.394606e+07
3.394748e+07
3.394887e+07
3.395022e+07
3.395154e+07
3.395282e+07
3.395407e+07
3.395530e+07
3.395648e+07
3.395764e+07
3.395877e+07
3.395987e+07
3.396094e+07
3.396198e+07
3.396299e+07
3.396398e+07
3.396495e+07
3.396589e+07
3.396680e+07
3.396769e+07
3.396856e+07
3.396940e+07
3.397023e+07
3.397103e+07
3.397181e+07
3.397257e+07
3.397331e+07
3.397403e+07
3.397474e+07
3.397542e+07
3.397609e+07
3.397674e+07
3.397737e+07
3.397798e+07
3.397858e+07
3.397917e+07
3.397973e+07
3.398029e+07
3.398083e+07
3.398135e+07
3.398186e+07
3.398236e+07
3.398285e+07
3.398332e+07
3.398378e+07
3.398423e+07
3.398466e+07
3.398509e+07
3.398550e+07
3.398591e+07
3.398630e+07
3.398668e+07
3.398705e+07
3.398741e+07
3.398777e+07
3.398811e+07
3.398844e+07
3.398877e+07
3.398909e+07
3.398939e+07
3.398970e+07
3.398999e+07
3.399027e+07
3.399055e+07
3.399082e+07
3.399108e+07
3.399134e+07
3.399159e+07
3.399183e+07
3.399207e+07
3.399230e+07
3.399252e+07
3.399274e+07
3.399296e+07
3.399316e+07
3.399336e+07
3.399356e+07
3.399375e+07
3.399394e+07
3.399412e+07
3.399429e+07
3.399447e+07
3.399463e+07
3.399480e+07
3.399495e+07
3.399511e+07
3.399526e+07
3.399541e+07
3.399555e+07
3.399569e+07
3.399582e+07
3.399595e+07
3.399608e+07
3.399621e+07
3.399633e+07
3.399645e+07
3.399656e+07
3.399667e+07
3.399678e+07
3.399689e+07
3.399699e+07
3.399709e+07
3.399719e+07
3.399729e+07
3.399738e+07
3.399747e+07
3.399756e+07
3.399765e+07
3.399773e+07
3.399781e+07
3.399789e+07
3.399797e+07
3.399804e+07
3.399812e+07
3.399819e+07
3.399826e+07
3.399832e+07
3.399839e+07
3.399845e+07
3.399852e+07
3.399858e+07
3.399864e+07
3.399869e+07
3.399875e+07
3.399880e+07
3.399886e+07
3.399891e+07
3.399896e+07
3.399901e+07
3.399906e+07
3.399910e+07
3.399915e+07
3.399919e+07
3.399923e+07
3.399928e+07
3.399932e+07
3.399936e+07
3.399939e+07
3.399943e+07
3.399947e+07
3.399950e+07
3.399954e+07
3.399957e+07
3.399961e+07
3.399964e+07
3.399967e+07
3.399970e+07
3.399973e+07
3.399976e+07
3.399978e+07
3.399981e+07
3.399984e+07
3.399987e+07
3.399989e+07
3.399991e+07
3.399994e+07
3.399996e+07
3.399998e+07
3.400001e+07
3.400003e+07
3.400005e+07
3.400007e+07
3.400009e+07
3.400011e+07
3.400013e+07
3.400014e+07
3.400016e+07
3.400018e+07
3.400020e+07
3.400021e+07
3.400023e+07
3.400024e+07
3.400026e+07
3.400027e+07
3.400029e+07
3.400030e+07
3.400082e+07
