3.400139e-09
3.582219e-09
3.775562e-09
3.980814e-09
4.198654e-09
4.429802e-09
4.675021e-09
4.935112e-09
5.210932e-09
5.503381e-09
5.813410e-09
6.142022e-09
6.490275e-09
6.859293e-09
7.250246e-09
7.664381e-09
8.102995e-09
8.567459e-09
9.059216e-09
9.579802e-09
1.013084e-08
1.071399e-08
1.133104e-08
1.198383e-08
1.267426e-08
1.340432e-08
1.417607e-08
1.499163e-08
1.585318e-08
1.676295e-08
1.772322e-08
1.873627e-08
1.980432e-08
2.092944e-08
2.211385e-08
2.336008e-08
2.467057e-08
2.604766e-08
2.749363e-08
2.901070e-08
3.060113e-08
3.226713e-08
3.401097e-08
3.583503e-08
3.774173e-08
3.973391e-08
4.181484e-08
4.398815e-08
4.625780e-08
4.862783e-08
5.110205e-08
5.368399e-08
5.637976e-08
5.919761e-08
6.214603e-08
6.523750e-08
6.848249e-08
7.188219e-08
7.544210e-08
7.917810e-08
8.310311e-08
8.722666e-08
9.156178e-08
9.611984e-08
1.008962e-07
1.058927e-07
1.111262e-07
1.166076e-07
1.223418e-07
1.283289e-07
1.345638e-07
1.410352e-07
1.477259e-07
1.546159e-07
1.616834e-07
1.689008e-07
1.762368e-07
1.836547e-07
1.911091e-07
1.985476e-07
2.059149e-07
2.087067e-07
2.114790e-07
2.142279e-07
2.169496e-07
2.196396e-07
2.222937e-07
2.249072e-07
2.274755e-07
2.299938e-07
2.324581e-07
2.348640e-07
2.372076e-07
2.394852e-07
2.416931e-07
2.438281e-07
2.458869e-07
2.478673e-07
2.497671e-07
2.515851e-07
2.533199e-07
2.549708e-07
2.565373e-07
2.580198e-07
2.594187e-07
2.607354e-07
2.619715e-07
2.631293e-07
2.642119e-07
2.652225e-07
2.661651e-07
2.670439e-07
2.678627e-07
2.686252e-07
2.693356e-07
2.699979e-07
2.706164e-07
2.711951e-07
2.717378e-07
2.722477e-07
2.727280e-07
2.731816e-07
2.736112e-07
2.740195e-07
2.744090e-07
2.747825e-07
2.751428e-07
2.754924e-07
2.758343e-07
2.761716e-07
2.765077e-07
2.768457e-07
2.771889e-07
2.775404e-07
2.779033e-07
2.782808e-07
2.786757e-07
2.790906e-07
2.795282e-07
2.799908e-07
2.804808e-07
2.810007e-07
2.815528e-07
2.821393e-07
2.827624e-07
2.834239e-07
2.841262e-07
2.848713e-07
2.856616e-07
2.864989e-07
2.873850e-07
2.883222e-07
2.893124e-07
2.903577e-07
2.914602e-07
2.926215e-07
2.938436e-07
2.951284e-07
2.964779e-07
2.978939e-07
2.993784e-07
3.009328e-07
3.025590e-07
3.042589e-07
3.060342e-07
3.078866e-07
3.098174e-07
3.118284e-07
3.139212e-07
3.160973e-07
3.183580e-07
3.207050e-07
3.231394e-07
3.256627e-07
3.282762e-07
3.309814e-07
3.337796e-07
3.366722e-07
3.396605e-07
3.427459e-07
3.459297e-07
3.492131e-07
3.525977e-07
3.560845e-07
3.596750e-07
3.633705e-07
3.671723e-07
3.710817e-07
3.751001e-07
3.792287e-07
3.834690e-07
3.878222e-07
3.922898e-07
3.968730e-07
4.015733e-07
4.063921e-07
4.113305e-07
4.163898e-07
4.215717e-07
4.268774e-07
4.323084e-07
4.378657e-07
4.435512e-07
4.493667e-07
4.553139e-07
4.613950e-07
4.676116e-07
4.739655e-07
4.804589e-07
4.870940e-07
4.938726e-07
5.007968e-07
5.078691e-07
5.150911e-07
5.224653e-07
5.299941e-07
5.376794e-07
5.455237e-07
5.535288e-07
5.616975e-07
5.700318e-07
5.785341e-07
5.872066e-07
5.960525e-07
6.050744e-07
6.142755e-07
6.236583e-07
6.332263e-07
6.429823e-07
6.529299e-07
6.630719e-07
6.734119e-07
6.839530e-07
6.946982e-07
7.056516e-07
7.168162e-07
7.281955e-07
7.397925e-07
7.516111e-07
7.636542e-07
7.759256e-07
7.884291e-07
8.011686e-07
8.141490e-07
8.273738e-07
8.408478e-07
8.545752e-07
8.685607e-07
8.828086e-07
8.973235e-07
9.121099e-07
9.271724e-07
9.425152e-07
9.581442e-07
9.740632e-07
9.902774e-07
1.006792e-06
1.023611e-06
1.040741e-06
1.058186e-06
1.075952e-06
1.094046e-06
1.112472e-06
1.131237e-06
1.150347e-06
1.169807e-06
1.189624e-06
1.209804e-06
1.230354e-06
1.251280e-06
1.272588e-06
1.294285e-06
1.316378e-06
1.338874e-06
1.361778e-06
1.385098e-06
1.408841e-06
1.433014e-06
1.457624e-06
1.482680e-06
1.508190e-06
1.534160e-06
1.560601e-06
1.587519e-06
1.614925e-06
1.642824e-06
1.671228e-06
1.700144e-06
1.729581e-06
1.759547e-06
1.790052e-06
1.821104e-06
1.852711e-06
1.884885e-06
1.917634e-06
1.950970e-06
1.984902e-06
2.019441e-06
2.054598e-06
2.090384e-06
2.126809e-06
2.163884e-06
2.201621e-06
2.240031e-06
2.279124e-06
2.318913e-06
2.359408e-06
2.400622e-06
2.442566e-06
2.485254e-06
2.528698e-06
2.572911e-06
2.617906e-06
2.663697e-06
2.710298e-06
2.757723e-06
2.805984e-06
2.855097e-06
2.905077e-06
2.955936e-06
3.007691e-06
3.060357e-06
3.113948e-06
3.168481e-06
3.223970e-06
3.280432e-06
3.337882e-06
3.396338e-06
3.455816e-06
3.516334e-06
3.577908e-06
3.640557e-06
3.704298e-06
3.769152e-06
3.835133e-06
3.902264e-06
3.970562e-06
4.040046e-06
4.110736e-06
4.182652e-06
4.255813e-06
4.330241e-06
4.405955e-06
4.482977e-06
4.561330e-06
4.641033e-06
4.722111e-06
4.804587e-06
4.888480e-06
4.973819e-06
5.060622e-06
5.148919e-06
5.238724e-06
5.330069e-06
5.422978e-06
5.517474e-06
5.613582e-06
5.711332e-06
5.810746e-06
5.911852e-06
6.014679e-06
6.119253e-06
6.225602e-06
6.333758e-06
6.443744e-06
6.555592e-06
6.669330e-06
6.784990e-06
6.902600e-06
7.022190e-06
7.143792e-06
7.267437e-06
7.393161e-06
7.520990e-06
7.650961e-06
7.783109e-06
7.917468e-06
8.054074e-06
8.192957e-06
8.334160e-06
8.477712e-06
8.623652e-06
8.772017e-06
8.922842e-06
9.076163e-06
9.232018e-06
9.390450e-06
9.551491e-06
9.715186e-06
9.881574e-06
1.005070e-05
1.022260e-05
1.039732e-05
1.057490e-05
1.075539e-05
1.093884e-05
1.112527e-05
1.131474e-05
1.150730e-05
1.170298e-05
1.190184e-05
1.210392e-05
1.230926e-05
1.251792e-05
1.272994e-05
1.294537e-05
1.316427e-05
1.338667e-05
1.361264e-05
1.384223e-05
1.407549e-05
1.431248e-05
1.455325e-05
1.479785e-05
1.504633e-05
1.529875e-05
1.555516e-05
1.581563e-05
1.608021e-05
1.634896e-05
1.662193e-05
1.689918e-05
1.718078e-05
1.746678e-05
1.775724e-05
1.805223e-05
1.835181e-05
1.865604e-05
1.896500e-05
1.927873e-05
1.959732e-05
1.992080e-05
2.024928e-05
2.058280e-05
2.092142e-05
2.126522e-05
2.161427e-05
2.196866e-05
2.232843e-05
2.269367e-05
2.306445e-05
2.344083e-05
2.382289e-05
2.421071e-05
2.460436e-05
2.500390e-05
2.540942e-05
2.582099e-05
2.623867e-05
2.666256e-05
2.709271e-05
2.752921e-05
2.797214e-05
2.842159e-05
2.887763e-05
2.934035e-05
2.980983e-05
3.028618e-05
3.076946e-05
3.125975e-05
3.175714e-05
3.226172e-05
3.277356e-05
3.329277e-05
3.381941e-05
3.435357e-05
3.489535e-05
3.544481e-05
3.600206e-05
3.656721e-05
3.714031e-05
3.772148e-05
3.831082e-05
3.890843e-05
3.951440e-05
4.012880e-05
4.075172e-05
4.138328e-05
4.202356e-05
4.267264e-05
4.333065e-05
4.399768e-05
4.467385e-05
4.535924e-05
4.605394e-05
4.675810e-05
4.747177e-05
4.819511e-05
4.892821e-05
4.967115e-05
5.042402e-05
5.118695e-05
5.196001e-05
5.274332e-05
5.353695e-05
5.434106e-05
5.515575e-05
5.598114e-05
5.681733e-05
5.766451e-05
5.852274e-05
5.939222e-05
6.027301e-05
6.116523e-05
6.206902e-05
6.298445e-05
6.391161e-05
6.485063e-05
6.580165e-05
6.676476e-05
6.774007e-05
6.872774e-05
6.972790e-05
7.074070e-05
7.176623e-05
7.280469e-05
7.385617e-05
7.492082e-05
7.599880e-05
7.709019e-05
7.819517e-05
7.931385e-05
8.044636e-05
8.159284e-05
8.275338e-05
8.392819e-05
8.511732e-05
8.632097e-05
8.753924e-05
8.877227e-05
9.002019e-05
9.128316e-05
9.256128e-05
9.385471e-05
9.516360e-05
9.648811e-05
9.782837e-05
9.918459e-05
1.005568e-04
1.019453e-04
1.033502e-04
1.047717e-04
1.062097e-04
1.076646e-04
1.091365e-04
1.106254e-04
1.121316e-04
1.136551e-04
1.151962e-04
1.167550e-04
1.183317e-04
1.199263e-04
1.215392e-04
1.231704e-04
1.248202e-04
1.264886e-04
1.281758e-04
1.298819e-04
1.316073e-04
1.333520e-04
1.351162e-04
1.369001e-04
1.387039e-04
1.405277e-04
1.423717e-04
1.442361e-04
1.461209e-04
1.480263e-04
1.499525e-04
1.518996e-04
1.538678e-04
1.558573e-04
1.578681e-04
1.599003e-04
1.619542e-04
1.640298e-04
1.661272e-04
1.682465e-04
1.703880e-04
1.725516e-04
1.747375e-04
1.769458e-04
1.791767e-04
1.814301e-04
1.837062e-04
1.860051e-04
1.883269e-04
1.906714e-04
1.930391e-04
1.954298e-04
1.978437e-04
2.002808e-04
2.027413e-04
2.052252e-04
2.077325e-04
2.102636e-04
2.128183e-04
2.153968e-04
2.179993e-04
2.206259e-04
2.232768e-04
2.259520e-04
2.286518e-04
2.313761e-04
2.341252e-04
2.368990e-04
2.396982e-04
2.425225e-04
2.453723e-04
2.482476e-04
2.511485e-04
2.540752e-04
2.570276e-04
2.600061e-04
2.630107e-04
2.660414e-04
2.690985e-04
2.721818e-04
2.752917e-04
2.784281e-04
2.815911e-04
2.847808e-04
2.879974e-04
2.912408e-04
2.945112e-04
2.978086e-04
3.011330e-04
3.044847e-04
3.078637e-04
3.112700e-04
3.147039e-04
3.181654e-04
3.216547e-04
3.251717e-04
3.287167e-04
3.322898e-04
3.358910e-04
3.395204e-04
3.431784e-04
3.468649e-04
3.505800e-04
3.543241e-04
3.580971e-04
3.618992e-04
3.657307e-04
3.695915e-04
3.734820e-04
3.774022e-04
3.813525e-04
3.853327e-04
3.893433e-04
3.933844e-04
3.974561e-04
4.015588e-04
4.056924e-04
4.098576e-04
4.140542e-04
4.182827e-04
4.225434e-04
4.268363e-04
4.311619e-04
4.355202e-04
4.399115e-04
4.443361e-04
4.487942e-04
4.532863e-04
4.578122e-04
4.623725e-04
4.669675e-04
4.715972e-04
4.762621e-04
4.809623e-04
4.856985e-04
4.904705e-04
4.952789e-04
5.001241e-04
5.050065e-04
5.099264e-04
5.148837e-04
5.198794e-04
5.249136e-04
5.299866e-04
5.350991e-04
5.402510e-04
5.454433e-04
5.506760e-04
5.559499e-04
5.612653e-04
5.666228e-04
5.720227e-04
5.774657e-04
5.829521e-04
5.884824e-04
5.940569e-04
5.996764e-04
6.053413e-04
6.110520e-04
6.168090e-04
6.226131e-04
6.284644e-04
6.343639e-04
6.403118e-04
6.463089e-04
6.523558e-04
6.584532e-04
6.646015e-04
6.708016e-04
6.770537e-04
6.833590e-04
6.897178e-04
6.961310e-04
7.025992e-04
7.091233e-04
7.157037e-04
7.223413e-04
7.290369e-04
7.357912e-04
7.426051e-04
7.494796e-04
7.564153e-04
7.634129e-04
7.704730e-04
7.775966e-04
7.847845e-04
7.920377e-04
7.993567e-04
8.067428e-04
8.141963e-04
8.217184e-04
8.293100e-04
8.369720e-04
8.447051e-04
8.525105e-04
8.603891e-04
8.683418e-04
8.763692e-04
8.844727e-04
8.926535e-04
9.009124e-04
9.092501e-04
9.176680e-04
9.261667e-04
9.347476e-04
9.434115e-04
9.521594e-04
9.609924e-04
9.699118e-04
9.789182e-04
9.880123e-04
9.971963e-04
1.006470e-03
1.015835e-03
1.025292e-03
1.034843e-03
1.044487e-03
1.054227e-03
1.064062e-03
1.073996e-03
1.084027e-03
1.094157e-03
1.104387e-03
1.114719e-03
1.125153e-03
1.135690e-03
1.146332e-03
1.157078e-03
1.167931e-03
1.178891e-03
1.189959e-03
1.201137e-03
1.212425e-03
1.223824e-03
1.235336e-03
1.246962e-03
1.258703e-03
1.270559e-03
1.282533e-03
1.294624e-03
1.306834e-03
1.319164e-03
1.331613e-03
1.344184e-03
1.356877e-03
1.369693e-03
1.382633e-03
1.395699e-03
1.408889e-03
1.422206e-03
1.435650e-03
1.449220e-03
1.462918e-03
1.476745e-03
1.490701e-03
1.504787e-03
1.519003e-03
1.533351e-03
1.547830e-03
1.562442e-03
1.577188e-03
1.592068e-03
1.607083e-03
1.622233e-03
1.637520e-03
1.652944e-03
1.668506e-03
1.684207e-03
1.700048e-03
1.716030e-03
1.732153e-03
1.748419e-03
1.764827e-03
1.781381e-03
1.798079e-03
1.814923e-03
1.831915e-03
1.849054e-03
1.866341e-03
1.883778e-03
1.901365e-03
1.919102e-03
1.936992e-03
1.955033e-03
1.973226e-03
1.991574e-03
2.010074e-03
2.028729e-03
2.047538e-03
2.066504e-03
2.085626e-03
2.104906e-03
2.124343e-03
2.143938e-03
2.163692e-03
2.183604e-03
2.203676e-03
2.223909e-03
2.244302e-03
2.264857e-03
2.285575e-03
2.306456e-03
2.327504e-03
2.348717e-03
2.370097e-03
2.391644e-03
2.413359e-03
2.435244e-03
2.457299e-03
2.479523e-03
2.501920e-03
2.524490e-03
2.547235e-03
2.570155e-03
2.593254e-03
2.616529e-03
2.639980e-03
2.663616e-03
2.687435e-03
2.711437e-03
2.735623e-03
2.759996e-03
2.784556e-03
2.809305e-03
2.834245e-03
2.859378e-03
2.884704e-03
2.910226e-03
2.935946e-03
2.961864e-03
2.987982e-03
3.014302e-03
3.040826e-03
3.067555e-03
3.094490e-03
3.121635e-03
3.148991e-03
3.176558e-03
3.204338e-03
3.232335e-03
3.260548e-03
3.288979e-03
3.317630e-03
3.346503e-03
3.375597e-03
3.404917e-03
3.434462e-03
3.464234e-03
3.494235e-03
3.524466e-03
3.554930e-03
3.585627e-03
3.616560e-03
3.647729e-03
3.679136e-03
3.710782e-03
3.742670e-03
3.774800e-03
3.807176e-03
3.839797e-03
3.872667e-03
3.905788e-03
3.939159e-03
3.972785e-03
4.006667e-03
4.040807e-03
4.075206e-03
4.109868e-03
4.144795e-03
4.179987e-03
4.215447e-03
4.251177e-03
4.287180e-03
4.323459e-03
4.360014e-03
4.396849e-03
4.433965e-03
4.471367e-03
4.509056e-03
4.547034e-03
4.585304e-03
4.623872e-03
4.662736e-03
4.701903e-03
4.741372e-03
4.781146e-03
4.821230e-03
4.861625e-03
4.902334e-03
4.943359e-03
4.984704e-03
5.026370e-03
5.068363e-03
5.110684e-03
5.153337e-03
5.196325e-03
5.239652e-03
5.283315e-03
5.327325e-03
5.371681e-03
5.416383e-03
5.461436e-03
5.506842e-03
5.552603e-03
5.598724e-03
5.645205e-03
5.692050e-03
5.739263e-03
5.786846e-03
5.834800e-03
5.883128e-03
5.931835e-03
5.980922e-03
6.030392e-03
6.080247e-03
6.130491e-03
6.181127e-03
6.232156e-03
6.283582e-03
6.335409e-03
6.387638e-03
6.440272e-03
6.493316e-03
6.546771e-03
6.600639e-03
6.654926e-03
6.709632e-03
6.764760e-03
6.820318e-03
6.876304e-03
6.932722e-03
6.989578e-03
7.046874e-03
7.104615e-03
7.162803e-03
7.221444e-03
7.280542e-03
7.340098e-03
7.400118e-03
7.460608e-03
7.521566e-03
7.583003e-03
7.644921e-03
7.707322e-03
7.770211e-03
7.833592e-03
7.897468e-03
7.961844e-03
8.026721e-03
8.092107e-03
8.158000e-03
8.224411e-03
8.291338e-03
8.358787e-03
8.426764e-03
8.495270e-03
8.564309e-03
8.633891e-03
8.704015e-03
8.774684e-03
8.845908e-03
8.917688e-03
8.990025e-03
9.062923e-03
9.136393e-03
9.210432e-03
9.285044e-03
9.360235e-03
9.436010e-03
9.512369e-03
9.589319e-03
9.666864e-03
9.745007e-03
9.823755e-03
9.903108e-03
9.983072e-03
1.006365e-02
1.014486e-02
1.022668e-02
1.030914e-02
1.039223e-02
1.047596e-02
1.056033e-02
1.064535e-02
1.073102e-02
1.081735e-02
1.090434e-02
1.099200e-02
1.108033e-02
1.116933e-02
1.125902e-02
1.134939e-02
1.144045e-02
1.153221e-02
1.162467e-02
1.171784e-02
1.181172e-02
1.190631e-02
1.200163e-02
1.209768e-02
1.219446e-02
1.229198e-02
1.239025e-02
1.248927e-02
1.258904e-02
1.268959e-02
1.279090e-02
1.289299e-02
1.299586e-02
1.309952e-02
1.320398e-02
1.330923e-02
1.341529e-02
1.352217e-02
1.362986e-02
1.373838e-02
1.384773e-02
1.395791e-02
1.406894e-02
1.418082e-02
1.429354e-02
1.440713e-02
1.452158e-02
1.463690e-02
1.475310e-02
1.487018e-02
1.498815e-02
1.510701e-02
1.522677e-02
1.534745e-02
1.546904e-02
1.559155e-02
1.571498e-02
1.583936e-02
1.596467e-02
1.609093e-02
1.621815e-02
1.634632e-02
1.647546e-02
1.660558e-02
1.673668e-02
1.686876e-02
1.700184e-02
1.713592e-02
1.727099e-02
1.740709e-02
1.754421e-02
1.768235e-02
1.782153e-02
1.796174e-02
1.810300e-02
1.824531e-02
1.838868e-02
1.853312e-02
1.867863e-02
1.882523e-02
1.897291e-02
1.912168e-02
1.927156e-02
1.942255e-02
1.957465e-02
1.972788e-02
1.988225e-02
2.003775e-02
2.019440e-02
2.035221e-02
2.051119e-02
2.067133e-02
2.083266e-02
2.099518e-02
2.115889e-02
2.132382e-02
2.148995e-02
2.165731e-02
2.182591e-02
2.199574e-02
2.216682e-02
2.233917e-02
2.251277e-02
2.268765e-02
2.286382e-02
2.304128e-02
2.322004e-02
2.340011e-02
2.358150e-02
2.376421e-02
2.394826e-02
2.413366e-02
2.432041e-02
2.450852e-02
2.469802e-02
2.488889e-02
2.508116e-02
2.527483e-02
2.546991e-02
2.566642e-02
2.586435e-02
2.606372e-02
2.626455e-02
2.646682e-02
2.667057e-02
2.687580e-02
2.708251e-02
2.729071e-02
2.750042e-02
2.771163e-02
2.792434e-02
2.813862e-02
2.835444e-02
2.857181e-02
2.879074e-02
2.901124e-02
2.923333e-02
2.945700e-02
2.968227e-02
2.990917e-02
3.013767e-02
3.036781e-02
3.059960e-02
3.083304e-02
3.106813e-02
3.130491e-02
3.154337e-02
3.178352e-02
3.202538e-02
3.226894e-02
3.251425e-02
3.276127e-02
3.301006e-02
3.326060e-02
3.351290e-02
3.376700e-02
3.402287e-02
3.428055e-02
3.454005e-02
3.480136e-02
3.506452e-02
3.532952e-02
3.559639e-02
3.586511e-02
3.613572e-02
3.640823e-02
3.668264e-02
3.695895e-02
3.723722e-02
3.751740e-02
3.779956e-02
3.808367e-02
3.836977e-02
3.865785e-02
3.894794e-02
3.924003e-02
3.953415e-02
3.983032e-02
4.012853e-02
4.042880e-02
4.073115e-02
4.103558e-02
4.134212e-02
4.165076e-02
4.196153e-02
4.227444e-02
4.258950e-02
4.290672e-02
4.322612e-02
4.354770e-02
4.387148e-02
4.419748e-02
4.452571e-02
4.485617e-02
4.518888e-02
4.552388e-02
4.586114e-02
4.620071e-02
4.654260e-02
4.688678e-02
4.723331e-02
4.758219e-02
4.793343e-02
4.828704e-02
4.864304e-02
4.900146e-02
4.936227e-02
4.972551e-02
5.009121e-02
5.045937e-02
5.082999e-02
5.120311e-02
5.157873e-02
5.195686e-02
5.233753e-02
5.272075e-02
5.310652e-02
5.349487e-02
5.388581e-02
5.427936e-02
5.467551e-02
5.507432e-02
5.547577e-02
5.587987e-02
5.628667e-02
5.669616e-02
5.710836e-02
5.752327e-02
5.794094e-02
5.836134e-02
5.878452e-02
5.921049e-02
5.963925e-02
6.007085e-02
6.050527e-02
6.094255e-02
6.138267e-02
6.182569e-02
6.227159e-02
6.272039e-02
6.317216e-02
6.362684e-02
6.408451e-02
6.454513e-02
6.500876e-02
6.547540e-02
6.594507e-02
6.641778e-02
6.689353e-02
6.737238e-02
6.785433e-02
6.833937e-02
6.882754e-02
6.931886e-02
6.981334e-02
7.031098e-02
7.081183e-02
7.131590e-02
7.182318e-02
7.233374e-02
7.284757e-02
7.336465e-02
7.388504e-02
7.440875e-02
7.493580e-02
7.546620e-02
7.599996e-02
7.653713e-02
7.707768e-02
7.762166e-02
7.816909e-02
7.871996e-02
7.927431e-02
7.983215e-02
8.039351e-02
8.095840e-02
8.152683e-02
8.209883e-02
8.267439e-02
8.325359e-02
8.383643e-02
8.442287e-02
8.501296e-02
8.560678e-02
8.620428e-02
8.680549e-02
8.741044e-02
8.801913e-02
8.863161e-02
8.924787e-02
8.986796e-02
9.049189e-02
9.111967e-02
9.175133e-02
9.238686e-02
9.302629e-02
9.366967e-02
9.431701e-02
9.496828e-02
9.562360e-02
9.628289e-02
9.694622e-02
9.761360e-02
9.828504e-02
9.896058e-02
9.964023e-02
1.003240e-01
1.010120e-01
1.017041e-01
1.024003e-01
1.031009e-01
1.038056e-01
1.045146e-01
1.052279e-01
1.059455e-01
1.066674e-01
1.073936e-01
1.081243e-01
1.088593e-01
1.095987e-01
1.103425e-01
1.110909e-01
1.118436e-01
1.126009e-01
1.133627e-01
1.141291e-01
1.149000e-01
1.156755e-01
1.164556e-01
1.172404e-01
1.180298e-01
1.188239e-01
1.196228e-01
1.204263e-01
1.212346e-01
1.220477e-01
1.228656e-01
1.236883e-01
1.245158e-01
1.253482e-01
1.261856e-01
1.270278e-01
1.278750e-01
1.287271e-01
1.295843e-01
1.304465e-01
1.313137e-01
1.321860e-01
1.330634e-01
1.339459e-01
1.348335e-01
1.357263e-01
1.366243e-01
1.375275e-01
1.384360e-01
1.393498e-01
1.402688e-01
1.411932e-01
1.421229e-01
1.430580e-01
1.439985e-01
1.449445e-01
1.458959e-01
1.468528e-01
1.478152e-01
1.487831e-01
1.497566e-01
1.507358e-01
1.517205e-01
1.527109e-01
1.537069e-01
1.547087e-01
1.557162e-01
1.567295e-01
1.577486e-01
1.587735e-01
1.598042e-01
1.608408e-01
1.618834e-01
1.629319e-01
1.639864e-01
1.650468e-01
1.661132e-01
1.671857e-01
1.682643e-01
1.693491e-01
1.704399e-01
1.715370e-01
1.726402e-01
1.737497e-01
1.748655e-01
1.759875e-01
1.771159e-01
1.782506e-01
1.793917e-01
1.805393e-01
1.816933e-01
1.828538e-01
1.840208e-01
1.851944e-01
1.863745e-01
1.875613e-01
1.887548e-01
1.899548e-01
1.911617e-01
1.923753e-01
1.935956e-01
1.948228e-01
1.960568e-01
1.973008e-01
1.985568e-01
1.998259e-01
2.011152e-01
2.024299e-01
2.037697e-01
2.051346e-01
2.065243e-01
2.079385e-01
2.093771e-01
2.108404e-01
2.123284e-01
2.138411e-01
2.153783e-01
2.169398e-01
2.185259e-01
2.201365e-01
2.217715e-01
2.234310e-01
2.251150e-01
2.268237e-01
2.285569e-01
2.303148e-01
2.320974e-01
2.339047e-01
2.357368e-01
2.375938e-01
2.394757e-01
2.413825e-01
2.433145e-01
2.452717e-01
2.472541e-01
2.492618e-01
2.512949e-01
2.533534e-01
2.554377e-01
2.575477e-01
2.596837e-01
2.618461e-01
2.640350e-01
2.662508e-01
2.684936e-01
2.707640e-01
2.730620e-01
2.753883e-01
2.777428e-01
2.801262e-01
2.825388e-01
2.849808e-01
2.874525e-01
2.899544e-01
2.924865e-01
2.950494e-01
2.976432e-01
3.002683e-01
3.029249e-01
3.056131e-01
3.083334e-01
3.110859e-01
3.138708e-01
3.166886e-01
3.195393e-01
3.224233e-01
3.253407e-01
3.282919e-01
3.312772e-01
3.342967e-01
3.373509e-01
3.404399e-01
3.435642e-01
3.467239e-01
3.499191e-01
3.531506e-01
3.564184e-01
3.597232e-01
3.630650e-01
3.664444e-01
3.698618e-01
3.733175e-01
3.768113e-01
3.803448e-01
3.839177e-01
3.875304e-01
3.911833e-01
3.948769e-01
3.986114e-01
4.023873e-01
4.062051e-01
4.100652e-01
4.139678e-01
4.179136e-01
4.219029e-01
4.259361e-01
4.300136e-01
4.341360e-01
4.383036e-01
4.425168e-01
4.467762e-01
4.510821e-01
4.554352e-01
4.598358e-01
4.642845e-01
4.687817e-01
4.733281e-01
4.779241e-01
4.825702e-01
4.872669e-01
4.920151e-01
4.968149e-01
5.016672e-01
5.065724e-01
5.115311e-01
5.165440e-01
5.216115e-01
5.267343e-01
5.319131e-01
5.371484e-01
5.424407e-01
5.477908e-01
5.531994e-01
5.586671e-01
5.641944e-01
5.697820e-01
5.754309e-01
5.811413e-01
5.869143e-01
5.927501e-01
5.986499e-01
6.046142e-01
6.106436e-01
6.167390e-01
6.229011e-01
6.291305e-01
6.354281e-01
6.417946e-01
6.482308e-01
6.547373e-01
6.613151e-01
6.679649e-01
6.746876e-01
6.814837e-01
6.883544e-01
6.953002e-01
7.023220e-01
7.094207e-01
7.165972e-01
7.238522e-01
7.311868e-01
7.386013e-01
7.460972e-01
7.536751e-01
7.613359e-01
7.690806e-01
7.769100e-01
7.848250e-01
7.928268e-01
8.009160e-01
8.090939e-01
8.173614e-01
8.257193e-01
8.341689e-01
8.427109e-01
8.513463e-01
8.600766e-01
8.689023e-01
8.778245e-01
8.868446e-01
8.959634e-01
9.051821e-01
9.145016e-01
9.239232e-01
9.334478e-01
9.430767e-01
9.528110e-01
9.626518e-01
9.726001e-01
9.826574e-01
9.928248e-01
1.003103e+00
1.013494e+00
1.023999e+00
1.034618e+00
1.045353e+00
1.056206e+00
1.067178e+00
1.078269e+00
1.089482e+00
1.100817e+00
1.112277e+00
1.123861e+00
1.135573e+00
1.147412e+00
1.159380e+00
1.171480e+00
1.183712e+00
1.196078e+00
1.208579e+00
1.221216e+00
1.233992e+00
1.246908e+00
1.259965e+00
1.273165e+00
1.286510e+00
1.300001e+00
1.313639e+00
1.327428e+00
1.341367e+00
1.355459e+00
1.369706e+00
1.384109e+00
1.398670e+00
1.413391e+00
1.428274e+00
1.443320e+00
1.458533e+00
1.473912e+00
1.489461e+00
1.505182e+00
1.521077e+00
1.537147e+00
1.553394e+00
1.569821e+00
1.586431e+00
1.603225e+00
1.620205e+00
1.637374e+00
1.654734e+00
1.672287e+00
1.690036e+00
1.707983e+00
1.726130e+00
1.744481e+00
1.763037e+00
1.781800e+00
1.800775e+00
1.819963e+00
1.839366e+00
1.858988e+00
1.878830e+00
1.898897e+00
1.919191e+00
1.939714e+00
1.960470e+00
1.981461e+00
2.002692e+00
2.024163e+00
2.045881e+00
2.067846e+00
2.090062e+00
2.112532e+00
2.135262e+00
2.158251e+00
2.181506e+00
2.205029e+00
2.228824e+00
2.252895e+00
2.277245e+00
2.301878e+00
2.326797e+00
2.352007e+00
2.377512e+00
2.403316e+00
2.429422e+00
2.455837e+00
2.482560e+00
2.509601e+00
2.536961e+00
2.564646e+00
2.592660e+00
2.621007e+00
2.649693e+00
2.678721e+00
2.708098e+00
2.737828e+00
2.767916e+00
2.798368e+00
2.829188e+00
2.860381e+00
2.891954e+00
2.923912e+00
2.956262e+00
2.989006e+00
3.022153e+00
3.055708e+00
3.089678e+00
3.124067e+00
3.158884e+00
3.194133e+00
3.229823e+00
3.265958e+00
3.302547e+00
3.339597e+00
3.377112e+00
3.415103e+00
3.453575e+00
3.492535e+00
3.531991e+00
3.571966e+00
3.612472e+00
3.653439e+00
3.694690e+00
3.736175e+00
3.778144e+00
3.820914e+00
3.864525e+00
3.908817e+00
3.953683e+00
3.999120e+00
4.045154e+00
4.091798e+00
4.139061e+00
4.186953e+00
4.235482e+00
4.284661e+00
4.334499e+00
4.385007e+00
4.436196e+00
4.488076e+00
4.540662e+00
4.593961e+00
4.647987e+00
4.702751e+00
4.758266e+00
4.814543e+00
4.871598e+00
4.929438e+00
4.988080e+00
5.047536e+00
5.107819e+00
5.168944e+00
5.230924e+00
5.293773e+00
5.357504e+00
5.422134e+00
5.487677e+00
5.554145e+00
5.621558e+00
5.689928e+00
5.759273e+00
5.829607e+00
5.900948e+00
5.973311e+00
6.046716e+00
6.121174e+00
6.196707e+00
6.273333e+00
6.351065e+00
6.429925e+00
6.509929e+00
6.591098e+00
6.673449e+00
6.757004e+00
6.841777e+00
6.927792e+00
7.015066e+00
7.103622e+00
7.193477e+00
7.284655e+00
7.377175e+00
7.471058e+00
7.566327e+00
7.663002e+00
7.761106e+00
7.860658e+00
7.961686e+00
8.064208e+00
8.168249e+00
8.273836e+00
8.380981e+00
8.489721e+00
8.600070e+00
8.712054e+00
8.825701e+00
8.941032e+00
9.058077e+00
9.176856e+00
9.297397e+00
9.419722e+00
9.543862e+00
9.669840e+00
9.797686e+00
9.927423e+00
1.005908e+01
1.019268e+01
1.032826e+01
1.046584e+01
1.060545e+01
1.074712e+01
1.089088e+01
1.103676e+01
1.118478e+01
1.133498e+01
1.148739e+01
1.164204e+01
1.179895e+01
1.195817e+01
1.211971e+01
1.228363e+01
1.244994e+01
1.261868e+01
1.278989e+01
1.296359e+01
1.313984e+01
1.331865e+01
1.350007e+01
1.368413e+01
1.387088e+01
1.406035e+01
1.425259e+01
1.444762e+01
1.464550e+01
1.484627e+01
1.504997e+01
1.525665e+01
1.546635e+01
1.567913e+01
1.589504e+01
1.611411e+01
1.633642e+01
1.656201e+01
1.679094e+01
1.702327e+01
1.725906e+01
1.749836e+01
1.774125e+01
1.798778e+01
1.823802e+01
1.849204e+01
1.874990e+01
1.901166e+01
1.927739e+01
1.954717e+01
1.982104e+01
2.009906e+01
2.038128e+01
2.066777e+01
2.095854e+01
2.125365e+01
2.155311e+01
2.185694e+01
2.216515e+01
2.247773e+01
2.279467e+01
2.311591e+01
2.344146e+01
2.377123e+01
2.410518e+01
2.444323e+01
2.478532e+01
2.513136e+01
2.548130e+01
2.583505e+01
2.619253e+01
2.655369e+01
2.691849e+01
2.728686e+01
2.765878e+01
2.803423e+01
2.841319e+01
2.879567e+01
2.918170e+01
2.957130e+01
2.996451e+01
3.036137e+01
3.076196e+01
3.116630e+01
3.157448e+01
3.198657e+01
3.240263e+01
3.282273e+01
3.324694e+01
3.367534e+01
3.410799e+01
3.454494e+01
3.498628e+01
3.543202e+01
3.588225e+01
3.633701e+01
3.679635e+01
3.726029e+01
3.772888e+01
3.820216e+01
3.868015e+01
3.916289e+01
3.965041e+01
4.014270e+01
4.063983e+01
4.114177e+01
4.164856e+01
4.216021e+01
4.267673e+01
4.319812e+01
4.372441e+01
4.425558e+01
4.479165e+01
4.533261e+01
4.587849e+01
4.642924e+01
4.698491e+01
4.754547e+01
4.811092e+01
4.868126e+01
4.925649e+01
4.983657e+01
5.042155e+01
5.101136e+01
5.160602e+01
5.220552e+01
5.280982e+01
5.341894e+01
5.403280e+01
5.465146e+01
5.527485e+01
5.590296e+01
5.653579e+01
5.717324e+01
5.781535e+01
5.846208e+01
5.911340e+01
5.976925e+01
6.042961e+01
6.109446e+01
6.176375e+01
6.243743e+01
6.311547e+01
6.379782e+01
6.448443e+01
6.517526e+01
6.587028e+01
6.656937e+01
6.727257e+01
6.797974e+01
6.869086e+01
6.940588e+01
7.012471e+01
7.084729e+01
7.157355e+01
7.230343e+01
7.303686e+01
7.377375e+01
7.451403e+01
7.525762e+01
7.600449e+01
7.675451e+01
7.750764e+01
7.826376e+01
7.902287e+01
7.978482e+01
8.054960e+01
8.131709e+01
8.208723e+01
8.285996e+01
8.363519e+01
8.441286e+01
8.519287e+01
8.597519e+01
8.675971e+01
8.754638e+01
8.833509e+01
8.912577e+01
8.991832e+01
9.071268e+01
9.150874e+01
9.230644e+01
9.310565e+01
9.390637e+01
9.470841e+01
9.551177e+01
9.631630e+01
9.712197e+01
9.792869e+01
9.873637e+01
9.954495e+01
1.003543e+02
1.011644e+02
1.019752e+02
1.027865e+02
1.035984e+02
1.044107e+02
1.052234e+02
1.060363e+02
1.068495e+02
1.076628e+02
1.084763e+02
1.092898e+02
1.101033e+02
1.109167e+02
1.117299e+02
1.125430e+02
1.133558e+02
1.141683e+02
1.149805e+02
1.157922e+02
1.166035e+02
1.174144e+02
1.182247e+02
1.190343e+02
1.198434e+02
1.206518e+02
1.214596e+02
1.222666e+02
1.230728e+02
1.238783e+02
1.246829e+02
1.254867e+02
1.262896e+02
1.270916e+02
1.278926e+02
1.286927e+02
1.294918e+02
1.302899e+02
1.310870e+02
1.318831e+02
1.326781e+02
1.334720e+02
1.342648e+02
1.350566e+02
1.358472e+02
1.366367e+02
1.374250e+02
1.382122e+02
1.389982e+02
1.397831e+02
1.405667e+02
1.413492e+02
1.421305e+02
1.429107e+02
1.436896e+02
1.444673e+02
1.452438e+02
1.460190e+02
1.467931e+02
1.475660e+02
1.483376e+02
1.491080e+02
1.498772e+02
1.506452e+02
1.514120e+02
1.521776e+02
1.529419e+02
1.537051e+02
1.544670e+02
1.552277e+02
1.559872e+02
1.567455e+02
1.575027e+02
1.582586e+02
1.590133e+02
1.597669e+02
1.605193e+02
1.612704e+02
1.620204e+02
1.627693e+02
1.635169e+02
1.642634e+02
1.650088e+02
1.657530e+02
1.664960e+02
1.672379e+02
1.679786e+02
1.687182e+02
1.694567e+02
1.701940e+02
1.709302e+02
1.716652e+02
1.723992e+02
1.731320e+02
1.738637e+02
1.745942e+02
1.753237e+02
1.760520e+02
1.767792e+02
1.775054e+02
1.782304e+02
1.789543e+02
1.796771e+02
1.803988e+02
1.811194e+02
1.818390e+02
1.825573e+02
1.832746e+02
1.839908e+02
1.847059e+02
1.854199e+02
1.861328e+02
1.868446e+02
1.875552e+02
1.882647e+02
1.889732e+02
1.896805e+02
1.903868e+02
1.910918e+02
1.917958e+02
1.924986e+02
1.932002e+02
1.939008e+02
1.946002e+02
1.952984e+02
1.959955e+02
1.966914e+02
1.973861e+02
1.980797e+02
1.987720e+02
1.994633e+02
2.001532e+02
2.008419e+02
2.015294e+02
2.022157e+02
2.029008e+02
2.035846e+02
2.042671e+02
2.049484e+02
2.056283e+02
2.063070e+02
2.069844e+02
2.076604e+02
2.083350e+02
2.090084e+02
2.096803e+02
2.103509e+02
2.110201e+02
2.116879e+02
2.123543e+02
2.130191e+02
2.136826e+02
2.143446e+02
2.150050e+02
2.156639e+02
2.163212e+02
2.169770e+02
2.176312e+02
2.182838e+02
2.189347e+02
2.195839e+02
2.202315e+02
2.208772e+02
2.215213e+02
2.221635e+02
2.228039e+02
2.234425e+02
2.240791e+02
2.247138e+02
2.253466e+02
2.259774e+02
2.266061e+02
2.272328e+02
2.278574e+02
2.284798e+02
2.291001e+02
2.297181e+02
2.303339e+02
2.309473e+02
2.315584e+02
2.321670e+02
2.327732e+02
2.333770e+02
2.339782e+02
2.345768e+02
2.351728e+02
2.357661e+02
2.363566e+02
2.369443e+02
2.375292e+02
2.381111e+02
2.386901e+02
2.392662e+02
2.398391e+02
2.404089e+02
2.409754e+02
2.415388e+02
2.420988e+02
2.426555e+02
2.432087e+02
2.437584e+02
2.443045e+02
2.448471e+02
2.453859e+02
2.459209e+02
2.464522e+02
2.469795e+02
2.475029e+02
2.480223e+02
2.485375e+02
2.490486e+02
2.495554e+02
2.500580e+02
2.505562e+02
2.510500e+02
2.515393e+02
2.520240e+02
2.525041e+02
2.529796e+02
2.534502e+02
2.539160e+02
2.543770e+02
2.548331e+02
2.552842e+02
2.557302e+02
2.561711e+02
2.566069e+02
2.570375e+02
2.574629e+02
2.578829e+02
2.582977e+02
2.587070e+02
2.591110e+02
2.595094e+02
2.599025e+02
2.602900e+02
2.606720e+02
2.610485e+02
2.614194e+02
2.617847e+02
2.621444e+02
2.624985e+02
2.628470e+02
2.631899e+02
2.635271e+02
2.638588e+02
2.641848e+02
2.645053e+02
2.648202e+02
2.651296e+02
2.654334e+02
2.657317e+02
2.660246e+02
2.663119e+02
2.665940e+02
2.668706e+02
2.671420e+02
2.674079e+02
2.676687e+02
2.679242e+02
2.681747e+02
2.684201e+02
2.686604e+02
2.688957e+02
2.691261e+02
2.693517e+02
2.695726e+02
2.697886e+02
2.699999e+02
2.702067e+02
2.704089e+02
2.706067e+02
2.708002e+02
2.709892e+02
2.711741e+02
2.713547e+02
2.715312e+02
2.717036e+02
2.718721e+02
2.720367e+02
2.721975e+02
2.723545e+02
2.725078e+02
2.726575e+02
2.728037e+02
2.729463e+02
2.730856e+02
2.732215e+02
2.733541e+02
2.734836e+02
2.736099e+02
2.737332e+02
2.738534e+02
2.739707e+02
2.740851e+02
2.741967e+02
2.743056e+02
2.744117e+02
2.745153e+02
2.746162e+02
2.747146e+02
2.748106e+02
2.749042e+02
2.749954e+02
2.750844e+02
2.751711e+02
2.752556e+02
2.753380e+02
2.754183e+02
2.754966e+02
2.755729e+02
2.756472e+02
2.757197e+02
2.757903e+02
2.758591e+02
2.759262e+02
2.759915e+02
2.760552e+02
2.761173e+02
2.761777e+02
2.762366e+02
2.762940e+02
2.763500e+02
2.764044e+02
2.764575e+02
2.765092e+02
2.765596e+02
2.766086e+02
2.766564e+02
2.767030e+02
2.767484e+02
2.767925e+02
2.768356e+02
2.768775e+02
2.769184e+02
2.769581e+02
2.769969e+02
2.770346e+02
2.770714e+02
2.771072e+02
2.771421e+02
2.771761e+02
2.772091e+02
2.772413e+02
2.772727e+02
2.773033e+02
2.773330e+02
2.773620e+02
2.773903e+02
2.774177e+02
2.774445e+02
2.774706e+02
2.774961e+02
2.775207e+02
2.775448e+02
2.775683e+02
2.775911e+02
2.776134e+02
2.776350e+02
2.776562e+02
2.776767e+02
2.776967e+02
2.777162e+02
2.777351e+02
2.777537e+02
2.777716e+02
2.777892e+02
2.778062e+02
2.778228e+02
2.778390e+02
2.778547e+02
2.778700e+02
2.778851e+02
2.778996e+02
2.779137e+02
2.779275e+02
2.779409e+02
2.779540e+02
2.779668e+02
2.779792e+02
2.779912e+02
2.780030e+02
2.780144e+02
2.780256e+02
2.780364e+02
2.780470e+02
2.780573e+02
2.780673e+02
2.780771e+02
2.780866e+02
2.780958e+02
2.781048e+02
2.781136e+02
2.781222e+02
2.781305e+02
2.781385e+02
2.781464e+02
2.781541e+02
2.781615e+02
2.781688e+02
2.781760e+02
2.781829e+02
2.781895e+02
2.781961e+02
2.782025e+02
2.782087e+02
2.782148e+02
2.782207e+02
2.782263e+02
2.782319e+02
2.782373e+02
2.782426e+02
2.782477e+02
2.782528e+02
2.782576e+02
2.782624e+02
2.782671e+02
2.782715e+02
2.782759e+02
2.782802e+02
2.782844e+02
2.782885e+02
2.782923e+02
2.782961e+02
2.782999e+02
2.783036e+02
2.783071e+02
2.783105e+02
2.783139e+02
2.783172e+02
2.783203e+02
2.783234e+02
2.783264e+02
2.783294e+02
2.783323e+02
2.783351e+02
2.783378e+02
2.783404e+02
2.783430e+02
2.783455e+02
2.783479e+02
2.783503e+02
2.783526e+02
2.783548e+02
2.783570e+02
2.783592e+02
2.783612e+02
2.783633e+02
2.783653e+02
2.783671e+02
2.783690e+02
2.783708e+02
2.783726e+02
2.783743e+02
2.783760e+02
2.783776e+02
2.783793e+02
2.783807e+02
2.783823e+02
2.783837e+02
2.783852e+02
2.783865e+02
2.783879e+02
2.783892e+02
2.783906e+02
2.783918e+02
2.783930e+02
2.783942e+02
2.783953e+02
2.783964e+02
2.783976e+02
2.783986e+02
2.783997e+02
2.784007e+02
2.784017e+02
2.784026e+02
2.784035e+02
2.784044e+02
2.784053e+02
2.784062e+02
2.784070e+02
2.784078e+02
2.784086e+02
2.784094e+02
2.784101e+02
2.784379e+02
