# h(km)  m    tau_5000  T(K)  V(km s-1)  nH(cm-3) ne(cm-3) PT(dyn cm-2) beta rho(g cm-3)
2126  5.861E-06  0.         12300  6.2  3.932E+10  4.088E+10  1.606E-01  0.890  9.214E-14 
1888  8.953E-06  8.550E-07  10200  5.1  7.993E+10  6.897E+10  2.453E-01  0.901  1.873E-13
1871  9.290E-06  9.390E-07  9500  4.7  9.188E+10  7.486E+10  2.545E-01  0.907  2.153E-13
1851  9.761E-06  1.050E-06  8700  4.1  1.099E+11  8.370E+10  2.674E-01  0.919  2.576E-13
1816  1.081E-05  1.280E-06  7700  3.4  1.465E+11  9.886E+10  2.962E-01  0.933  3.433E-13
1662  2.152E-05  2.150E-06  6820  2.7  4.817E+11  5.281E+10  5.897E-01  0.930  1.129E-12
1393  8.402E-05  3.980E-06  6630  2.6  2.054E+12  7.783E+10  2.302E+00  0.929  4.813E-12
1113  3.839E-04  1.080E-05  6400  2.6  9.899E+12  1.284E+11  1.052E+01  0.926  2.319E-11
1027  6.837E-04  1.620E-05  5950  2.5  1.910E+13  9.134E+11  1.873E+01  0.925  4.475E-11
 914  1.720E-03  2.070E-05  4700  2.3  6.073E+13  1.595E+10  4.712E+01  0.920  1.423E-10
 746  6.443E-03  3.000E-05  3700  1.5  3.001E+14  2.165E+10  1.765E+02  0.955  7.031E-10
 666  1.518E-02  5.000E-05  3500  1.0  7.661E+14  2.745E+10  4.159E+02  0.978  1.795E-09
 527  5.862E-02  2.000E-04  3400  0.4  3.117E+15  5.036E+10  1.606E+03  0.996  7.304E-09
 282  4.022E-01  3.000E-03  3400  0.2  2.210E+16  1.899E+11  1.102E+04  0.     5.178E-08
 132  1.840E+00  4.000E-02  3450  0.   1.064E+17  6.498E+11  5.042E+04  1.     2.493E-07
  95  2.996E+00  1.000E-01  3540  0.   1.695E+17  1.082E+12  8.209E+04  1.     3.972E-07
  86  3.394E+00  1.260E-01  3560  0.   1.914E+17  1.226E+12  9.298E+04  1.     4.485E-07
  76  3.385E+00  1.580E-01  3590  0.   2.143E+17  1.408E+12  1.051E+05  1.     5.022E-07
  67  4.356E+00  2.000E-01  3620  0.   2.413E+17  1.623E+12  1.193E+05  1.     5.654E-07
  57  4.919E+00  2.510E-01  3660  0.   2.685E+17  1.890E+12  1.348E+05  1.     6.292E-07
  48  5.557E+00  3.160E-01  3700  0.   2.991E+17  2.202E+12  1.522E+05  1.     7.007E-07
  38  6.267E+00  3.980E-01  3750  0.   3.308E+17  2.604E+12  1.717E+05  1.     7.750E-07
  28  7.044E+00  5.010E-01  3810  0.   3.630E+17  3.123E+12  1.930E+05  1.     8.505E-07
  19  7.898E+00  6.310E-01  3870  0.   3.977E+17  3.743E+12  2.164E+05  1.     9.319E-07
   9  8.817E+00  7.940E-01  3950  0.   4.304E+17  4.626E+12  2.416E+05  1.     1.008E-06
   0  9.801E+00  1.000E+00  4040  0.   4.627E+17  5.821E+12  2.685E+05  1.     1.084E-06
  -9  1.082E+01  1.260E+00  4170  0.   4.881E+17  7.807E+12  2.965E+05  1.     1.144E-06
 -18  1.184E+01  1.580E+00  4320  0.   5.090E+17  1.072E+13  3.243E+05  1.     1.193E-06
 -27  1.290E+01  2.000E+00  4490  0.   5.288E+17  1.499E+13  3.534E+05  1.     1.239E-06
 -35  1.394E+01  2.510E+00  4680  0.   5.444E+17  2.092E+13  3.818E+05  1.     1.276E-06
 -43  1.502E+01  3.160E+00  4890  0.   5.590E+17  2.872E+13  4.116E+05  1.     1.310E-06
 -52  1.618E+01  3.980E+00  5120  0.   5.733E+17  3.838E+13  4.433E+05  1.     1.343E-06
 -61  1.745E+01  5.010E+00  5360  0.   5.895E+17  4.962E+13  4.782E+05  1.     1.381E-06
 -72  1.889E+01  6.310E+00  5620  0.   6.076E+17  6.397E+13  5.174E+05  1.     1.424E-06
 -82  2.046E+01  7.940E+00  5870  0.   6.299E+17  8.364E+13  5.607E+05  1.     1.476E-06
 -94  2.214E+01  1.000E+01  6140  0.   6.511E+17  1.178E+14  6.065E+05  1.     1.526E-06
-104  2.377E+01  1.260E+01  6420  0.   6.683E+17  1.779E+14  6.512E+05  1.     1.566E-06
-113  2.524E+01  1.580E+01  6700  0.   6.798E+17  2.759E+14  6.915E+05  1.     1.593E-06
-122  2.661E+01  2.000E+01  7000  0.   6.858E+17  4.418E+14  7.292E+05  1.     1.607E-06


