16.667 -0.18588371
50.000 -0.25462611
83.333 -0.25474791
116.667 -0.25726122
150.000 -0.25406240
183.333 -0.25437291
216.667 -0.25700165
250.000 -0.25451132
283.333 -0.25505370
316.667 -0.25485188
350.000 -0.25599632
383.333 -0.25416555
416.667 -0.25451932
450.000 -0.25742380
483.333 -0.25412323
516.667 -0.25366818
550.000 -0.25680438
583.333 -0.25540122
616.667 -0.25362055
650.000 -0.25544927
683.333 -0.25455909
716.667 -0.25494101
750.000 -0.25481663
783.333 -0.25448231
816.667 -0.25480531
850.000 -0.25618973
883.333 -0.25358572
916.667 -0.25430984
950.000 -0.25732360
983.333 -0.25419285
1016.667 -0.25367616
1050.000 -0.25369651
1083.333 -0.25667001
1116.667 -0.25431383
1150.000 -0.25425854
1183.333 -0.25384557
1216.667 -0.25623552
1250.000 -0.25488257
1283.333 -0.25412114
1316.667 -0.25358730
1350.000 -0.25551178
1383.333 -0.25468937
1416.667 -0.25427726
1450.000 -0.25403858
1483.333 -0.25426673
1516.667 -0.25520510
1550.000 -0.25431124
1583.333 -0.25432418
1616.667 -0.25492422
1650.000 -0.25388605
1683.333 -0.25510268
1716.667 -0.25435491
1750.000 -0.25426987
1783.333 -0.25418533
1816.667 -0.25360566
1850.000 -0.25434215
1883.333 -0.25574188
1916.667 -0.25429832
1950.000 -0.25360943
1983.333 -0.25441193
2016.667 -0.25377478
2050.000 -0.25382565
2083.333 -0.25390275
2116.667 -0.25396049
2150.000 -0.25419308
2183.333 -0.25634351
2216.667 -0.25273178
2250.000 -0.25422605
2283.333 -0.25392206
2316.667 -0.25344207
2350.000 -0.25453381
2383.333 -0.25431014
2416.667 -0.25416730
2450.000 -0.25489942
2483.333 -0.25378766
2516.667 -0.25372212
2550.000 -0.25298447
2583.333 -0.25422711
2616.667 -0.25335013
2650.000 -0.25437566
2683.333 -0.25361439
2716.667 -0.25399902
2750.000 -0.25458375
2783.333 -0.25443521
2816.667 -0.25389395
2850.000 -0.25380524
2883.333 -0.25299501
2916.667 -0.25439081
2950.000 -0.25343674
2983.333 -0.25310481
3016.667 -0.25447016
3050.000 -0.25422692
3083.333 -0.25380459
3116.667 -0.25398966
3150.000 -0.25509128
3183.333 -0.25247534
3216.667 -0.25215368
3250.000 -0.25402006
3283.333 -0.25417887
3316.667 -0.25383731
3350.000 -0.25414260
3383.333 -0.25400643
3416.667 -0.25326294
3450.000 -0.25205500
3483.333 -0.25409351
3516.667 -0.25428395
3550.000 -0.25318158
3583.333 -0.25380905
3616.667 -0.25315116
3650.000 -0.25320587
3683.333 -0.25369277
3716.667 -0.25375507
3750.000 -0.25404833
3783.333 -0.25339729
3816.667 -0.25253745
3850.000 -0.25425758
3883.333 -0.25312908
3916.667 -0.25376513
3950.000 -0.25196486
3983.333 -0.25422895
4016.667 -0.25464069
4050.000 -0.25253340
4083.333 -0.25214831
4116.667 -0.25378931
4150.000 -0.25456189
4183.333 -0.25343675
4216.667 -0.25156059
4250.000 -0.25373417
4283.333 -0.25437381
4316.667 -0.25228522
4350.000 -0.25316169
4383.333 -0.25391446
4416.667 -0.25305856
4450.000 -0.25393671
4483.333 -0.25227341
4516.667 -0.25377731
4550.000 -0.25442110
4583.333 -0.25117772
4616.667 -0.25407820
4650.000 -0.25402829
4683.333 -0.25175535
4716.667 -0.25340668
4750.000 -0.25303363
4783.333 -0.25390679
4816.667 -0.25218683
4850.000 -0.25460938
4883.333 -0.25108683
4916.667 -0.25342706
4950.000 -0.25319032
4983.333 -0.25423011
5016.667 -0.25459975
5050.000 -0.25111762
5083.333 -0.25385627
5116.667 -0.25334401
5150.000 -0.25202139
5183.333 -0.25442913
5216.667 -0.25128815
5250.000 -0.25378830
5283.333 -0.25344961
5316.667 -0.25276778
5350.000 -0.25420221
5383.333 -0.25135186
5416.667 -0.25410354
5450.000 -0.25254778
5483.333 -0.25285794
5516.667 -0.25220854
5550.000 -0.25319314
5583.333 -0.25384190
5616.667 -0.25179181
5650.000 -0.25431743
5683.333 -0.25175188
5716.667 -0.25409816
5750.000 -0.25151624
5783.333 -0.25446424
5816.667 -0.25125160
5850.000 -0.25419948
5883.333 -0.25210014
5916.667 -0.25368529
5950.000 -0.25167506
5983.333 -0.25319474
6016.667 -0.25318109
6050.000 -0.25203469
6083.333 -0.25363496
6116.667 -0.25201142
6150.000 -0.25393536
6183.333 -0.25205104
6216.667 -0.25441645
6250.000 -0.25192420
6283.333 -0.25304666
6316.667 -0.25307384
6350.000 -0.25194958
6383.333 -0.25455988
6416.667 -0.25142386
6450.000 -0.25227124
6483.333 -0.25437974
6516.667 -0.25160598
6550.000 -0.25293156
6583.333 -0.25427061
6616.667 -0.25124665
6650.000 -0.25278038
6683.333 -0.25433590
6716.667 -0.25182776
6750.000 -0.25270131
6783.333 -0.25358717
6816.667 -0.25270026
6850.000 -0.25214785
6883.333 -0.25279403
6916.667 -0.25394095
6950.000 -0.25226335
6983.333 -0.25244982
7016.667 -0.25263794
7050.000 -0.25453345
7083.333 -0.25306298
7116.667 -0.25149106
7150.000 -0.25286762
7183.333 -0.25231878
7216.667 -0.25319405
7250.000 -0.25440111
7283.333 -0.25250060
7316.667 -0.25207269
7350.000 -0.25298805
7383.333 -0.25251457
7416.667 -0.25294284
7450.000 -0.25260237
7483.333 -0.25274135
7516.667 -0.25522762
7550.000 -0.25283018
7583.333 -0.25312014
7616.667 -0.25313353
7650.000 -0.25234265
7683.333 -0.25311654
7716.667 -0.25260242
7750.000 -0.25310412
7783.333 -0.25314513
7816.667 -0.25328079
7850.000 -0.25310400
7883.333 -0.25282902
7916.667 -0.25353172
7950.000 -0.25123694
7983.333 -0.25338452
8016.667 -0.25290550
8050.000 -0.25344866
8083.333 -0.25325501
8116.667 -0.25399484
8150.000 -0.25331082
8183.333 -0.25235235
8216.667 -0.25266625
8250.000 -0.25381390
8283.333 -0.25334072
8316.667 -0.25410500
8350.000 -0.25237539
8383.333 -0.25274559
8416.667 -0.25431208
8450.000 -0.25395061
8483.333 -0.25189529
8516.667 -0.25434244
8550.000 -0.25380452
8583.333 -0.25235138
8616.667 -0.25409966
8650.000 -0.25258850
8683.333 -0.25431236
8716.667 -0.25425142
8750.000 -0.25215609
8783.333 -0.25454230
8816.667 -0.25310685
8850.000 -0.25398905
8883.333 -0.25293470
8916.667 -0.25454743
8950.000 -0.25370156
8983.333 -0.25325606
9016.667 -0.25469456
9050.000 -0.25299773
9083.333 -0.25428306
9116.667 -0.25417456
9150.000 -0.25337425
9183.333 -0.25409323
9216.667 -0.25484779
9250.000 -0.25308571
9283.333 -0.25442265
9316.667 -0.25416464
9350.000 -0.25373090
9383.333 -0.25423124
9416.667 -0.25470570
9450.000 -0.25414949
9483.333 -0.25564956
9516.667 -0.25413256
9550.000 -0.25425687
9583.333 -0.25362455
9616.667 -0.25519140
9650.000 -0.25583838
9683.333 -0.25261499
9716.667 -0.25536508
9750.000 -0.25442770
9783.333 -0.25512651
9816.667 -0.25470424
9850.000 -0.25551286
9883.333 -0.25414306
9916.667 -0.25522429
9950.000 -0.25500786
9983.333 -0.25538435
