1.664321e+00
1.664242e+00
1.664157e+00
1.664065e+00
1.663965e+00
1.663858e+00
1.663743e+00
1.663620e+00
1.663489e+00
1.663350e+00
1.663202e+00
1.663045e+00
1.662879e+00
1.662704e+00
1.662519e+00
1.662325e+00
1.662122e+00
1.661909e+00
1.661686e+00
1.661454e+00
1.661214e+00
1.660964e+00
1.660706e+00
1.660441e+00
1.660169e+00
1.659891e+00
1.659609e+00
1.659323e+00
1.659035e+00
1.658748e+00
1.658464e+00
1.658184e+00
1.657911e+00
1.657648e+00
1.657399e+00
1.657167e+00
1.656953e+00
1.656763e+00
1.656598e+00
1.656462e+00
1.656357e+00
1.656286e+00
1.656250e+00
1.656250e+00
1.656285e+00
1.656356e+00
1.656460e+00
1.656594e+00
1.656755e+00
1.656938e+00
1.657138e+00
1.657348e+00
1.657562e+00
1.657773e+00
1.657974e+00
1.658157e+00
1.658317e+00
1.658448e+00
1.658547e+00
1.658610e+00
1.658633e+00
1.658616e+00
1.658559e+00
1.658464e+00
1.658330e+00
1.658160e+00
1.657954e+00
1.657710e+00
1.657427e+00
1.657099e+00
1.656719e+00
1.656279e+00
1.655766e+00
1.655166e+00
1.654461e+00
1.653635e+00
1.652667e+00
1.651534e+00
1.650212e+00
1.648672e+00
1.646882e+00
1.646124e+00
1.645323e+00
1.644477e+00
1.643585e+00
1.642642e+00
1.641648e+00
1.640599e+00
1.639493e+00
1.638329e+00
1.637103e+00
1.635812e+00
1.634456e+00
1.633032e+00
1.631537e+00
1.629972e+00
1.628333e+00
1.626621e+00
1.624834e+00
1.622972e+00
1.621035e+00
1.619024e+00
1.616940e+00
1.614783e+00
1.612555e+00
1.610257e+00
1.607892e+00
1.605461e+00
1.602963e+00
1.600398e+00
1.597765e+00
1.595059e+00
1.592277e+00
1.589416e+00
1.586468e+00
1.583424e+00
1.580271e+00
1.576993e+00
1.573574e+00
1.569995e+00
1.566235e+00
1.562275e+00
1.558092e+00
1.553669e+00
1.548989e+00
1.544038e+00
1.538813e+00
1.533320e+00
1.527574e+00
1.521597e+00
1.515417e+00
1.509069e+00
1.502588e+00
1.496006e+00
1.489350e+00
1.482642e+00
1.475903e+00
1.469147e+00
1.462388e+00
1.455638e+00
1.448905e+00
1.442198e+00
1.435525e+00
1.428892e+00
1.422309e+00
1.415783e+00
1.409321e+00
1.402930e+00
1.396617e+00
1.390390e+00
1.384256e+00
1.378222e+00
1.372296e+00
1.366482e+00
1.360787e+00
1.355217e+00
1.349778e+00
1.344474e+00
1.339309e+00
1.334287e+00
1.329411e+00
1.324684e+00
1.320109e+00
1.315687e+00
1.311418e+00
1.307304e+00
1.303345e+00
1.299541e+00
1.295890e+00
1.292392e+00
1.289045e+00
1.285847e+00
1.282796e+00
1.279890e+00
1.277126e+00
1.274500e+00
1.272010e+00
1.269653e+00
1.267426e+00
1.265324e+00
1.263344e+00
1.261483e+00
1.259737e+00
1.258102e+00
1.256575e+00
1.255151e+00
1.253828e+00
1.252602e+00
1.251468e+00
1.250424e+00
1.249466e+00
1.248591e+00
1.247796e+00
1.247076e+00
1.246429e+00
1.245853e+00
1.245343e+00
1.244897e+00
1.244513e+00
1.244187e+00
1.243917e+00
1.243701e+00
1.243536e+00
1.243420e+00
1.243350e+00
1.243325e+00
1.243343e+00
1.243401e+00
1.243498e+00
1.243632e+00
1.243802e+00
1.244005e+00
1.244240e+00
1.244505e+00
1.244800e+00
1.245122e+00
1.245471e+00
1.245845e+00
1.246243e+00
1.246664e+00
1.247107e+00
1.247570e+00
1.248054e+00
1.248556e+00
1.249076e+00
1.249613e+00
1.250166e+00
1.250735e+00
1.251319e+00
1.251916e+00
1.252527e+00
1.253151e+00
1.253787e+00
1.254434e+00
1.255092e+00
1.255760e+00
1.256439e+00
1.257126e+00
1.257823e+00
1.258528e+00
1.259241e+00
1.259962e+00
1.260691e+00
1.261426e+00
1.262168e+00
1.262916e+00
1.263671e+00
1.264430e+00
1.265196e+00
1.265966e+00
1.266741e+00
1.267521e+00
1.268304e+00
1.269092e+00
1.269884e+00
1.270680e+00
1.271479e+00
1.272281e+00
1.273087e+00
1.273895e+00
1.274707e+00
1.275521e+00
1.276337e+00
1.277156e+00
1.277978e+00
1.278801e+00
1.279626e+00
1.280453e+00
1.281282e+00
1.282112e+00
1.282944e+00
1.283777e+00
1.284612e+00
1.285448e+00
1.286285e+00
1.287123e+00
1.287962e+00
1.288802e+00
1.289644e+00
1.290486e+00
1.291328e+00
1.292172e+00
1.293016e+00
1.293861e+00
1.294706e+00
1.295552e+00
1.296398e+00
1.297245e+00
1.298091e+00
1.298939e+00
1.299786e+00
1.300634e+00
1.301482e+00
1.302330e+00
1.303178e+00
1.304027e+00
1.304876e+00
1.305725e+00
1.306573e+00
1.307422e+00
1.308271e+00
1.309120e+00
1.309968e+00
1.310817e+00
1.311665e+00
1.312514e+00
1.313362e+00
1.314210e+00
1.315058e+00
1.315906e+00
1.316754e+00
1.317602e+00
1.318450e+00
1.319297e+00
1.320144e+00
1.320991e+00
1.321838e+00
1.322685e+00
1.323531e+00
1.324377e+00
1.325223e+00
1.326068e+00
1.326913e+00
1.327758e+00
1.328603e+00
1.329447e+00
1.330292e+00
1.331136e+00
1.331979e+00
1.332823e+00
1.333666e+00
1.334508e+00
1.335351e+00
1.336193e+00
1.337035e+00
1.337877e+00
1.338718e+00
1.339559e+00
1.340400e+00
1.341240e+00
1.342080e+00
1.342920e+00
1.343760e+00
1.344599e+00
1.345438e+00
1.346277e+00
1.347115e+00
1.347953e+00
1.348791e+00
1.349629e+00
1.350466e+00
1.351303e+00
1.352139e+00
1.352975e+00
1.353811e+00
1.354647e+00
1.355482e+00
1.356317e+00
1.357152e+00
1.357987e+00
1.358821e+00
1.359655e+00
1.360489e+00
1.361322e+00
1.362155e+00
1.362988e+00
1.363820e+00
1.364653e+00
1.365485e+00
1.366316e+00
1.367148e+00
1.367979e+00
1.368810e+00
1.369640e+00
1.370471e+00
1.371301e+00
1.372130e+00
1.372960e+00
1.373789e+00
1.374618e+00
1.375446e+00
1.376274e+00
1.377102e+00
1.377930e+00
1.378757e+00
1.379584e+00
1.380411e+00
1.381237e+00
1.382063e+00
1.382889e+00
1.383715e+00
1.384540e+00
1.385365e+00
1.386189e+00
1.387014e+00
1.387837e+00
1.388661e+00
1.389484e+00
1.390307e+00
1.391129e+00
1.391952e+00
1.392773e+00
1.393595e+00
1.394416e+00
1.395237e+00
1.396057e+00
1.396877e+00
1.397697e+00
1.398516e+00
1.399335e+00
1.400154e+00
1.400972e+00
1.401789e+00
1.402606e+00
1.403423e+00
1.404239e+00
1.405055e+00
1.405871e+00
1.406686e+00
1.407500e+00
1.408314e+00
1.409128e+00
1.409941e+00
1.410754e+00
1.411566e+00
1.412377e+00
1.413188e+00
1.413999e+00
1.414809e+00
1.415618e+00
1.416427e+00
1.417235e+00
1.418042e+00
1.418849e+00
1.419656e+00
1.420461e+00
1.421266e+00
1.422071e+00
1.422874e+00
1.423677e+00
1.424479e+00
1.425280e+00
1.426081e+00
1.426881e+00
1.427680e+00
1.428478e+00
1.429276e+00
1.430072e+00
1.430868e+00
1.431663e+00
1.432457e+00
1.433250e+00
1.434042e+00
1.434833e+00
1.435624e+00
1.436413e+00
1.437201e+00
1.437988e+00
1.438774e+00
1.439559e+00
1.440343e+00
1.441125e+00
1.441907e+00
1.442687e+00
1.443466e+00
1.444244e+00
1.445020e+00
1.445796e+00
1.446569e+00
1.447342e+00
1.448113e+00
1.448882e+00
1.449651e+00
1.450417e+00
1.451182e+00
1.451946e+00
1.452708e+00
1.453468e+00
1.454227e+00
1.454984e+00
1.455739e+00
1.456493e+00
1.457244e+00
1.457994e+00
1.458742e+00
1.459488e+00
1.460233e+00
1.460975e+00
1.461715e+00
1.462453e+00
1.463190e+00
1.463924e+00
1.464656e+00
1.465386e+00
1.466114e+00
1.466839e+00
1.467563e+00
1.468284e+00
1.469003e+00
1.469719e+00
1.470433e+00
1.471145e+00
1.471855e+00
1.472562e+00
1.473267e+00
1.473969e+00
1.474669e+00
1.475366e+00
1.476061e+00
1.476754e+00
1.477444e+00
1.478132e+00
1.478817e+00
1.479500e+00
1.480180e+00
1.480858e+00
1.481533e+00
1.482206e+00
1.482876e+00
1.483545e+00
1.484210e+00
1.484874e+00
1.485535e+00
1.486194e+00
1.486850e+00
1.487505e+00
1.488157e+00
1.488807e+00
1.489455e+00
1.490102e+00
1.490746e+00
1.491388e+00
1.492029e+00
1.492668e+00
1.493305e+00
1.493941e+00
1.494575e+00
1.495208e+00
1.495840e+00
1.496470e+00
1.497100e+00
1.497728e+00
1.498356e+00
1.498983e+00
1.499609e+00
1.500235e+00
1.500861e+00
1.501486e+00
1.502112e+00
1.502737e+00
1.503363e+00
1.503989e+00
1.504616e+00
1.505243e+00
1.505872e+00
1.506501e+00
1.507132e+00
1.507764e+00
1.508397e+00
1.509032e+00
1.509669e+00
1.510309e+00
1.510950e+00
1.511594e+00
1.512241e+00
1.512890e+00
1.513542e+00
1.514198e+00
1.514856e+00
1.515519e+00
1.516184e+00
1.516854e+00
1.517528e+00
1.518206e+00
1.518888e+00
1.519575e+00
1.520267e+00
1.520963e+00
1.521664e+00
1.522371e+00
1.523082e+00
1.523799e+00
1.524522e+00
1.525251e+00
1.525985e+00
1.526725e+00
1.527472e+00
1.528224e+00
1.528983e+00
1.529749e+00
1.530521e+00
1.531299e+00
1.532085e+00
1.532877e+00
1.533676e+00
1.534482e+00
1.535296e+00
1.536116e+00
1.536944e+00
1.537779e+00
1.538621e+00
1.539471e+00
1.540328e+00
1.541192e+00
1.542064e+00
1.542942e+00
1.543829e+00
1.544723e+00
1.545624e+00
1.546533e+00
1.547449e+00
1.548372e+00
1.549303e+00
1.550241e+00
1.551185e+00
1.552137e+00
1.553096e+00
1.554061e+00
1.555033e+00
1.556012e+00
1.556997e+00
1.557989e+00
1.558986e+00
1.559990e+00
1.561000e+00
1.562015e+00
1.563037e+00
1.564063e+00
1.565095e+00
1.566132e+00
1.567174e+00
1.568221e+00
1.569272e+00
1.570327e+00
1.571386e+00
1.572450e+00
1.573517e+00
1.574587e+00
1.575660e+00
1.576736e+00
1.577815e+00
1.578896e+00
1.579979e+00
1.581064e+00
1.582151e+00
1.583238e+00
1.584327e+00
1.585416e+00
1.586506e+00
1.587596e+00
1.588686e+00
1.589775e+00
1.590863e+00
1.591950e+00
1.593036e+00
1.594120e+00
1.595201e+00
1.596281e+00
1.597357e+00
1.598431e+00
1.599501e+00
1.600567e+00
1.601630e+00
1.602687e+00
1.603741e+00
1.604789e+00
1.605831e+00
1.606868e+00
1.607899e+00
1.608924e+00
1.609942e+00
1.610952e+00
1.611956e+00
1.612951e+00
1.613939e+00
1.614918e+00
1.615889e+00
1.616850e+00
1.617802e+00
1.618744e+00
1.619677e+00
1.620599e+00
1.621510e+00
1.622410e+00
1.623299e+00
1.624176e+00
1.625041e+00
1.625894e+00
1.626735e+00
1.627562e+00
1.628376e+00
1.629177e+00
1.629964e+00
1.630736e+00
1.631494e+00
1.632238e+00
1.632966e+00
1.633680e+00
1.634377e+00
1.635059e+00
1.635725e+00
1.636374e+00
1.637007e+00
1.637622e+00
1.638221e+00
1.638802e+00
1.639366e+00
1.639912e+00
1.640440e+00
1.640949e+00
1.641441e+00
1.641913e+00
1.642367e+00
1.642802e+00
1.643218e+00
1.643615e+00
1.643992e+00
1.644350e+00
1.644689e+00
1.645008e+00
1.645307e+00
1.645587e+00
1.645847e+00
1.646087e+00
1.646307e+00
1.646508e+00
1.646689e+00
1.646850e+00
1.646992e+00
1.647115e+00
1.647218e+00
1.647302e+00
1.647367e+00
1.647413e+00
1.647441e+00
1.647450e+00
1.647442e+00
1.647415e+00
1.647371e+00
1.647310e+00
1.647231e+00
1.647137e+00
1.647026e+00
1.646899e+00
1.646758e+00
1.646601e+00
1.646430e+00
1.646245e+00
1.646047e+00
1.645836e+00
1.645613e+00
1.645378e+00
1.645132e+00
1.644875e+00
1.644608e+00
1.644332e+00
1.644047e+00
1.643754e+00
1.643454e+00
1.643147e+00
1.642834e+00
1.642515e+00
1.642192e+00
1.641864e+00
1.641534e+00
1.641200e+00
1.640864e+00
1.640528e+00
1.640190e+00
1.639853e+00
1.639516e+00
1.639180e+00
1.638847e+00
1.638517e+00
1.638189e+00
1.637866e+00
1.637548e+00
1.637234e+00
1.636927e+00
1.636626e+00
1.636332e+00
1.636045e+00
1.635766e+00
1.635496e+00
1.635235e+00
1.634984e+00
1.634742e+00
1.634511e+00
1.634291e+00
1.634082e+00
1.633884e+00
1.633699e+00
1.633525e+00
1.633364e+00
1.633216e+00
1.633081e+00
1.632959e+00
1.632850e+00
1.632756e+00
1.632675e+00
1.632608e+00
1.632556e+00
1.632518e+00
1.632495e+00
1.632486e+00
1.632492e+00
1.632512e+00
1.632547e+00
1.632597e+00
1.632661e+00
1.632740e+00
1.632834e+00
1.632943e+00
1.633066e+00
1.633203e+00
1.633355e+00
1.633521e+00
1.633701e+00
1.633895e+00
1.634102e+00
1.634323e+00
1.634558e+00
1.634806e+00
1.635067e+00
1.635340e+00
1.635626e+00
1.635925e+00
1.636235e+00
1.636557e+00
1.636891e+00
1.637236e+00
1.637592e+00
1.637959e+00
1.638336e+00
1.638724e+00
1.639121e+00
1.639528e+00
1.639944e+00
1.640369e+00
1.640803e+00
1.641246e+00
1.641696e+00
1.642154e+00
1.642620e+00
1.643092e+00
1.643572e+00
1.644058e+00
1.644551e+00
1.645049e+00
1.645553e+00
1.646062e+00
1.646577e+00
1.647096e+00
1.647620e+00
1.648145e+00
1.648677e+00
1.649212e+00
1.649750e+00
1.650292e+00
1.650836e+00
1.651383e+00
1.651931e+00
1.652482e+00
1.653034e+00
1.653588e+00
1.654142e+00
1.654698e+00
1.655254e+00
1.655810e+00
1.656367e+00
1.656923e+00
1.657480e+00
1.658035e+00
1.658590e+00
1.659144e+00
1.659696e+00
1.660247e+00
1.660797e+00
1.661345e+00
1.661890e+00
1.662434e+00
1.662975e+00
1.663514e+00
1.664050e+00
1.664584e+00
1.665114e+00
1.665641e+00
1.666165e+00
1.666686e+00
1.667203e+00
1.667717e+00
1.668227e+00
1.668733e+00
1.669235e+00
1.669733e+00
1.670227e+00
1.670717e+00
1.671202e+00
1.671683e+00
1.672160e+00
1.672632e+00
1.673099e+00
1.673562e+00
1.674020e+00
1.674473e+00
1.674921e+00
1.675365e+00
1.675803e+00
1.676237e+00
1.676665e+00
1.677089e+00
1.677507e+00
1.677920e+00
1.678329e+00
1.678732e+00
1.679130e+00
1.679523e+00
1.679910e+00
1.680293e+00
1.680670e+00
1.681042e+00
1.681409e+00
1.681771e+00
1.682128e+00
1.682479e+00
1.682826e+00
1.683167e+00
1.683503e+00
1.683834e+00
1.684160e+00
1.684481e+00
1.684797e+00
1.685108e+00
1.685414e+00
1.685715e+00
1.686011e+00
1.686303e+00
1.686589e+00
1.686870e+00
1.687147e+00
1.687419e+00
1.687687e+00
1.687949e+00
1.688207e+00
1.688460e+00
1.688709e+00
1.688954e+00
1.689193e+00
1.689429e+00
1.689660e+00
1.689886e+00
1.690108e+00
1.690326e+00
1.690540e+00
1.690750e+00
1.690955e+00
1.691156e+00
1.691353e+00
1.691547e+00
1.691736e+00
1.691921e+00
1.692102e+00
1.692280e+00
1.692454e+00
1.692624e+00
1.692790e+00
1.692952e+00
1.693111e+00
1.693267e+00
1.693418e+00
1.693567e+00
1.693712e+00
1.693853e+00
1.693991e+00
1.694126e+00
1.694257e+00
1.694386e+00
1.694511e+00
1.694633e+00
1.694752e+00
1.694867e+00
1.694980e+00
1.695090e+00
1.695196e+00
1.695300e+00
1.695401e+00
1.695500e+00
1.695595e+00
1.695688e+00
1.695777e+00
1.695865e+00
1.695949e+00
1.696031e+00
1.696111e+00
1.696188e+00
1.696262e+00
1.696334e+00
1.696404e+00
1.696471e+00
1.696536e+00
1.696598e+00
1.696659e+00
1.696717e+00
1.696772e+00
1.696826e+00
1.696878e+00
1.696927e+00
1.696974e+00
1.697019e+00
1.697062e+00
1.697104e+00
1.697143e+00
1.697180e+00
1.697215e+00
1.697249e+00
1.697280e+00
1.697310e+00
1.697338e+00
1.697364e+00
1.697388e+00
1.697411e+00
1.697432e+00
1.697451e+00
1.697469e+00
1.697485e+00
1.697499e+00
1.697512e+00
1.697523e+00
1.697533e+00
1.697541e+00
1.697548e+00
1.697553e+00
1.697557e+00
1.697560e+00
1.697561e+00
1.697560e+00
1.697559e+00
1.697556e+00
1.697551e+00
1.697546e+00
1.697539e+00
1.697531e+00
1.697521e+00
1.697511e+00
1.697499e+00
1.697486e+00
1.697472e+00
1.697457e+00
1.697441e+00
1.697423e+00
1.697405e+00
1.697385e+00
1.697365e+00
1.697343e+00
1.697321e+00
1.697297e+00
1.697273e+00
1.697247e+00
1.697221e+00
1.697193e+00
1.697165e+00
1.697136e+00
1.697106e+00
1.697075e+00
1.697043e+00
1.697010e+00
1.696977e+00
1.696943e+00
1.696908e+00
1.696872e+00
1.696835e+00
1.696798e+00
1.696759e+00
1.696721e+00
1.696681e+00
1.696641e+00
1.696600e+00
1.696558e+00
1.696515e+00
1.696472e+00
1.696429e+00
1.696384e+00
1.696339e+00
1.696294e+00
1.696247e+00
1.696201e+00
1.696153e+00
1.696105e+00
1.696057e+00
1.696008e+00
1.695958e+00
1.695908e+00
1.695857e+00
1.695806e+00
1.695754e+00
1.695702e+00
1.695649e+00
1.695596e+00
1.695542e+00
1.695488e+00
1.695433e+00
1.695378e+00
1.695323e+00
1.695267e+00
1.695211e+00
1.695154e+00
1.695097e+00
1.695040e+00
1.694982e+00
1.694923e+00
1.694865e+00
1.694806e+00
1.694747e+00
1.694687e+00
1.694627e+00
1.694567e+00
1.694506e+00
1.694445e+00
1.694384e+00
1.694323e+00
1.694261e+00
1.694199e+00
1.694136e+00
1.694074e+00
1.694011e+00
1.693948e+00
1.693885e+00
1.693821e+00
1.693757e+00
1.693693e+00
1.693629e+00
1.693565e+00
1.693500e+00
1.693435e+00
1.693370e+00
1.693305e+00
1.693240e+00
1.693174e+00
1.693109e+00
1.693043e+00
1.692977e+00
1.692910e+00
1.692844e+00
1.692778e+00
1.692709e+00
1.692643e+00
1.692576e+00
1.692509e+00
1.692442e+00
1.692375e+00
1.692308e+00
1.692241e+00
1.692173e+00
1.692106e+00
1.692038e+00
1.691971e+00
1.691903e+00
1.691835e+00
1.691768e+00
1.691700e+00
1.691632e+00
1.691564e+00
1.691496e+00
1.691428e+00
1.691360e+00
1.691292e+00
1.691223e+00
1.691155e+00
1.691087e+00
1.691019e+00
1.690951e+00
1.690883e+00
1.690814e+00
1.690746e+00
1.690678e+00
1.690610e+00
1.690542e+00
1.690473e+00
1.690405e+00
1.690337e+00
1.690269e+00
1.690201e+00
1.690133e+00
1.690065e+00
1.689997e+00
1.689929e+00
1.689862e+00
1.689794e+00
1.689726e+00
1.689659e+00
1.689591e+00
1.689524e+00
1.689456e+00
1.689389e+00
1.689321e+00
1.689254e+00
1.689187e+00
1.689120e+00
1.689053e+00
1.688987e+00
1.688920e+00
1.688853e+00
1.688787e+00
1.688720e+00
1.688654e+00
1.688588e+00
1.688522e+00
1.688455e+00
1.688390e+00
1.688324e+00
1.688258e+00
1.688193e+00
1.688128e+00
1.688062e+00
1.687997e+00
1.687932e+00
1.687868e+00
1.687803e+00
1.687739e+00
1.687674e+00
1.687610e+00
1.687546e+00
1.687482e+00
1.687418e+00
1.687355e+00
1.687291e+00
1.687228e+00
1.687165e+00
1.687102e+00
1.687039e+00
1.686977e+00
1.686914e+00
1.686852e+00
1.686790e+00
1.686728e+00
1.686667e+00
1.686605e+00
1.686544e+00
1.686483e+00
1.686422e+00
1.686361e+00
1.686300e+00
1.686240e+00
1.686180e+00
1.686120e+00
1.686060e+00
1.686000e+00
1.685941e+00
1.685882e+00
1.685823e+00
1.685764e+00
1.685705e+00
1.685647e+00
1.685589e+00
1.685531e+00
1.685473e+00
1.685416e+00
1.685358e+00
1.685301e+00
1.685244e+00
1.685188e+00
1.685131e+00
1.685075e+00
1.685019e+00
1.684963e+00
1.684908e+00
1.684852e+00
1.684797e+00
1.684742e+00
1.684688e+00
1.684633e+00
1.684579e+00
1.684525e+00
1.684472e+00
1.684418e+00
1.684365e+00
1.684312e+00
1.684259e+00
1.684207e+00
1.684154e+00
1.684102e+00
1.684051e+00
1.683999e+00
1.683948e+00
1.683897e+00
1.683846e+00
1.683795e+00
1.683745e+00
1.683695e+00
1.683645e+00
1.683596e+00
1.683546e+00
1.683497e+00
1.683448e+00
1.683400e+00
1.683352e+00
1.683303e+00
1.683256e+00
1.683208e+00
1.683161e+00
1.683114e+00
1.683067e+00
1.683021e+00
1.682974e+00
1.682928e+00
1.682883e+00
1.682837e+00
1.682792e+00
1.682747e+00
1.682702e+00
1.682658e+00
1.682614e+00
1.682570e+00
1.682526e+00
1.682483e+00
1.682440e+00
1.682397e+00
1.682354e+00
1.682312e+00
1.682270e+00
1.682228e+00
1.682186e+00
1.682145e+00
1.682104e+00
1.682063e+00
1.682023e+00
1.681983e+00
1.681943e+00
1.681903e+00
1.681864e+00
1.681825e+00
1.681786e+00
1.681747e+00
1.681709e+00
1.681671e+00
1.681633e+00
1.681596e+00
1.681558e+00
1.681521e+00
1.681485e+00
1.681448e+00
1.681412e+00
1.681376e+00
1.681340e+00
1.681305e+00
1.681270e+00
1.681235e+00
1.681201e+00
1.681166e+00
1.681132e+00
1.681099e+00
1.681065e+00
1.681032e+00
1.680999e+00
1.680966e+00
1.680934e+00
1.680902e+00
1.680870e+00
1.680838e+00
1.680807e+00
1.680776e+00
1.680745e+00
1.680715e+00
1.680684e+00
1.680655e+00
1.680625e+00
1.680595e+00
1.680566e+00
1.680537e+00
1.680509e+00
1.680480e+00
1.680452e+00
1.680424e+00
1.680397e+00
1.680369e+00
1.680342e+00
1.680315e+00
1.680289e+00
1.680262e+00
1.680236e+00
1.680210e+00
1.680185e+00
1.680160e+00
1.680135e+00
1.680110e+00
1.680085e+00
1.680061e+00
1.680037e+00
1.680013e+00
1.679990e+00
1.679966e+00
1.679943e+00
1.679921e+00
1.679898e+00
1.679876e+00
1.679854e+00
1.679832e+00
1.679810e+00
1.679789e+00
1.679768e+00
1.679747e+00
1.679727e+00
1.679706e+00
1.679686e+00
1.679666e+00
1.679647e+00
1.679627e+00
1.679608e+00
1.679589e+00
1.679570e+00
1.679552e+00
1.679533e+00
1.679515e+00
1.679497e+00
1.679480e+00
1.679462e+00
1.679445e+00
1.679428e+00
1.679411e+00
1.679395e+00
1.679378e+00
1.679362e+00
1.679346e+00
1.679331e+00
1.679317e+00
1.679305e+00
1.679294e+00
1.679285e+00
1.679277e+00
1.679270e+00
1.679264e+00
1.679260e+00
1.679258e+00
1.679256e+00
1.679256e+00
1.679257e+00
1.679259e+00
1.679263e+00
1.679268e+00
1.679274e+00
1.679281e+00
1.679289e+00
1.679299e+00
1.679310e+00
1.679322e+00
1.679335e+00
1.679349e+00
1.679365e+00
1.679381e+00
1.679399e+00
1.679417e+00
1.679437e+00
1.679458e+00
1.679480e+00
1.679503e+00
1.679527e+00
1.679552e+00
1.679578e+00
1.679605e+00
1.679633e+00
1.679662e+00
1.679692e+00
1.679723e+00
1.679755e+00
1.679788e+00
1.679823e+00
1.679858e+00
1.679894e+00
1.679931e+00
1.679970e+00
1.680009e+00
1.680050e+00
1.680091e+00
1.680134e+00
1.680177e+00
1.680222e+00
1.680268e+00
1.680314e+00
1.680362e+00
1.680412e+00
1.680462e+00
1.680513e+00
1.680565e+00
1.680619e+00
1.680673e+00
1.680729e+00
1.680785e+00
1.680843e+00
1.680902e+00
1.680962e+00
1.681023e+00
1.681085e+00
1.681148e+00
1.681212e+00
1.681278e+00
1.681344e+00
1.681412e+00
1.681481e+00
1.681551e+00
1.681622e+00
1.681695e+00
1.681768e+00
1.681841e+00
1.681918e+00
1.681995e+00
1.682074e+00
1.682155e+00
1.682236e+00
1.682319e+00
1.682403e+00
1.682489e+00
1.682576e+00
1.682664e+00
1.682754e+00
1.682845e+00
1.682938e+00
1.683032e+00
1.683128e+00
1.683225e+00
1.683324e+00
1.683424e+00
1.683526e+00
1.683630e+00
1.683735e+00
1.683842e+00
1.683951e+00
1.684062e+00
1.684174e+00
1.684289e+00
1.684405e+00
1.684523e+00
1.684643e+00
1.684765e+00
1.684889e+00
1.685015e+00
1.685143e+00
1.685273e+00
1.685406e+00
1.685540e+00
1.685677e+00
1.685816e+00
1.685957e+00
1.686101e+00
1.686247e+00
1.686396e+00
1.686547e+00
1.686700e+00
1.686856e+00
1.687015e+00
1.687176e+00
1.687341e+00
1.687507e+00
1.687677e+00
1.687849e+00
1.688025e+00
1.688203e+00
1.688384e+00
1.688569e+00
1.688756e+00
1.688947e+00
1.689141e+00
1.689338e+00
1.689538e+00
1.689742e+00
1.689949e+00
1.690160e+00
1.690374e+00
1.690592e+00
1.690814e+00
1.691039e+00
1.691268e+00
1.691501e+00
1.691738e+00
1.691979e+00
1.692224e+00
1.692473e+00
1.692727e+00
1.692984e+00
1.693247e+00
1.693513e+00
1.693784e+00
1.694060e+00
1.694341e+00
1.694626e+00
1.694916e+00
1.695211e+00
1.695512e+00
1.695817e+00
1.696128e+00
1.696444e+00
1.696766e+00
1.697093e+00
1.697426e+00
1.697764e+00
1.698109e+00
1.698460e+00
1.698816e+00
1.699179e+00
1.699549e+00
1.699925e+00
1.700307e+00
1.700696e+00
1.701093e+00
1.701496e+00
1.701906e+00
1.702324e+00
1.702749e+00
1.703182e+00
1.703622e+00
1.704071e+00
1.704527e+00
1.704992e+00
1.705465e+00
1.705946e+00
1.706437e+00
1.706936e+00
1.707444e+00
1.707962e+00
1.708489e+00
1.709026e+00
1.709572e+00
1.710129e+00
1.710696e+00
1.711273e+00
1.711861e+00
1.712460e+00
1.713070e+00
1.713691e+00
1.714323e+00
1.714968e+00
1.715624e+00
1.716293e+00
1.716974e+00
1.717667e+00
1.718374e+00
1.719094e+00
1.719827e+00
1.720575e+00
1.721336e+00
1.722111e+00
1.722901e+00
1.723706e+00
1.724526e+00
1.725361e+00
1.726213e+00
1.727080e+00
1.727963e+00
1.728864e+00
1.729781e+00
1.730716e+00
1.731668e+00
1.732638e+00
1.733627e+00
1.734634e+00
1.735660e+00
1.736706e+00
1.737771e+00
1.738857e+00
1.739963e+00
1.741089e+00
1.742237e+00
1.743407e+00
1.744598e+00
1.745812e+00
1.747049e+00
1.748309e+00
1.749592e+00
1.750900e+00
1.752231e+00
1.753588e+00
1.754970e+00
1.756377e+00
1.757811e+00
1.759271e+00
1.760759e+00
1.762273e+00
1.763816e+00
1.765387e+00
1.766986e+00
1.768615e+00
1.770274e+00
1.771962e+00
1.773682e+00
1.775432e+00
1.777214e+00
1.779028e+00
1.780874e+00
1.782753e+00
1.784666e+00
1.786612e+00
1.788593e+00
1.790608e+00
1.792659e+00
1.794746e+00
1.796868e+00
1.799027e+00
1.801224e+00
1.803457e+00
1.805729e+00
1.808039e+00
1.810388e+00
1.812776e+00
1.815204e+00
1.817671e+00
1.820180e+00
1.822728e+00
1.825319e+00
1.827950e+00
1.830624e+00
1.833340e+00
1.836098e+00
1.838900e+00
1.841745e+00
1.844633e+00
1.847565e+00
1.850541e+00
1.853561e+00
1.856626e+00
1.859735e+00
1.862889e+00
1.866089e+00
1.869336e+00
1.872623e+00
1.875936e+00
1.879270e+00
1.882645e+00
1.886084e+00
1.889592e+00
1.893153e+00
1.896759e+00
1.900409e+00
1.904103e+00
1.907842e+00
1.911626e+00
1.915454e+00
1.919326e+00
1.923241e+00
1.927199e+00
1.931200e+00
1.935243e+00
1.939328e+00
1.943454e+00
1.947620e+00
1.951826e+00
1.956072e+00
1.960355e+00
1.964677e+00
1.969035e+00
1.973429e+00
1.977857e+00
1.982320e+00
1.986815e+00
1.991342e+00
1.995900e+00
2.000486e+00
2.005101e+00
2.009743e+00
2.014410e+00
2.019101e+00
2.023815e+00
2.028550e+00
2.033304e+00
2.038075e+00
2.042863e+00
2.047666e+00
2.052481e+00
2.057307e+00
2.062142e+00
2.066984e+00
2.071832e+00
2.076682e+00
2.081534e+00
2.086385e+00
2.091232e+00
2.096075e+00
2.100911e+00
2.105737e+00
2.110551e+00
2.115352e+00
2.120136e+00
2.124902e+00
2.129647e+00
2.134368e+00
2.139065e+00
2.143733e+00
2.148372e+00
2.152977e+00
2.157548e+00
2.162081e+00
2.166575e+00
2.171027e+00
2.175434e+00
2.179794e+00
2.184106e+00
2.188365e+00
2.192572e+00
2.196722e+00
2.200814e+00
2.204845e+00
2.208814e+00
2.212718e+00
2.216555e+00
2.220323e+00
2.224021e+00
2.227646e+00
2.231195e+00
2.234668e+00
2.238063e+00
2.241378e+00
2.244611e+00
2.247760e+00
2.250824e+00
2.253802e+00
2.256691e+00
2.259492e+00
2.262201e+00
2.264819e+00
2.267344e+00
2.269775e+00
2.272111e+00
2.274350e+00
2.276493e+00
2.278538e+00
2.280484e+00
2.282332e+00
2.284080e+00
2.285727e+00
2.287274e+00
2.288720e+00
2.290065e+00
2.291308e+00
2.292450e+00
2.293490e+00
2.294428e+00
2.295264e+00
2.295998e+00
2.296631e+00
2.297163e+00
2.297593e+00
2.297923e+00
2.298152e+00
2.298281e+00
2.298310e+00
2.298240e+00
2.298072e+00
2.297805e+00
2.297440e+00
2.296978e+00
2.296420e+00
2.295766e+00
2.295018e+00
2.294174e+00
2.293237e+00
2.292208e+00
2.291086e+00
2.289874e+00
2.288571e+00
2.287179e+00
2.285699e+00
2.284133e+00
2.282481e+00
2.280745e+00
2.278926e+00
2.277026e+00
2.275048e+00
2.272992e+00
2.270860e+00
2.268656e+00
2.266381e+00
2.264038e+00
2.261629e+00
2.259157e+00
2.256625e+00
2.254034e+00
2.251389e+00
2.248691e+00
2.245944e+00
2.243149e+00
2.240310e+00
2.237427e+00
2.234505e+00
2.231544e+00
2.228547e+00
2.225515e+00
2.222450e+00
2.219353e+00
2.216226e+00
2.213071e+00
2.209887e+00
2.206677e+00
2.203441e+00
2.200181e+00
2.196897e+00
2.193591e+00
2.190263e+00
2.186915e+00
2.183546e+00
2.180159e+00
2.176754e+00
2.173333e+00
2.169895e+00
2.166443e+00
2.162976e+00
2.159497e+00
2.156006e+00
2.152504e+00
2.148991e+00
2.145470e+00
2.141941e+00
2.138404e+00
2.134862e+00
2.131314e+00
2.127762e+00
2.124207e+00
2.120649e+00
2.117090e+00
2.113530e+00
2.109970e+00
2.106412e+00
2.102855e+00
2.099301e+00
2.095751e+00
2.092205e+00
2.088664e+00
2.085129e+00
2.081601e+00
2.078080e+00
2.074567e+00
2.071062e+00
2.067567e+00
2.064081e+00
2.060606e+00
2.057143e+00
2.053691e+00
2.050251e+00
2.046824e+00
2.043410e+00
2.040010e+00
2.036625e+00
2.033254e+00
2.029899e+00
2.026560e+00
2.023236e+00
2.019930e+00
2.016640e+00
2.013368e+00
2.010114e+00
2.006877e+00
2.003660e+00
2.000461e+00
1.997282e+00
1.994122e+00
1.990982e+00
1.987862e+00
1.984763e+00
1.981684e+00
1.978626e+00
1.975590e+00
1.972575e+00
1.969582e+00
1.966610e+00
1.963661e+00
1.960735e+00
1.957831e+00
1.954949e+00
1.952091e+00
1.949256e+00
1.946443e+00
1.943654e+00
1.940888e+00
1.938146e+00
1.935427e+00
1.932731e+00
1.930059e+00
1.927410e+00
1.924784e+00
1.922182e+00
1.919603e+00
1.917048e+00
1.914515e+00
1.912006e+00
1.909520e+00
1.907057e+00
1.904617e+00
1.902200e+00
1.899807e+00
1.897436e+00
1.895088e+00
1.892763e+00
1.890461e+00
1.888181e+00
1.885924e+00
1.883689e+00
1.881477e+00
1.879287e+00
1.877119e+00
1.874974e+00
1.872850e+00
1.870747e+00
1.868667e+00
1.866608e+00
1.864570e+00
1.862553e+00
1.860557e+00
1.858582e+00
1.856628e+00
1.854694e+00
1.852780e+00
1.850886e+00
1.849013e+00
1.847159e+00
1.845324e+00
1.843509e+00
1.841713e+00
1.839936e+00
1.838177e+00
1.836438e+00
1.834716e+00
1.833013e+00
1.831327e+00
1.829660e+00
1.828009e+00
1.826376e+00
1.824760e+00
1.823161e+00
1.821579e+00
1.820013e+00
1.818464e+00
1.816930e+00
1.815412e+00
1.813910e+00
1.812424e+00
1.810952e+00
1.809496e+00
1.808055e+00
1.806628e+00
1.805215e+00
1.803817e+00
1.802433e+00
1.801063e+00
1.799706e+00
1.798363e+00
1.797034e+00
1.795717e+00
1.794413e+00
1.793122e+00
1.791844e+00
1.790578e+00
1.789324e+00
1.788083e+00
1.786853e+00
1.785635e+00
1.784428e+00
1.783233e+00
1.782049e+00
1.780876e+00
1.779714e+00
1.778563e+00
1.777423e+00
1.776293e+00
1.775173e+00
1.774063e+00
1.772964e+00
1.771874e+00
1.770794e+00
1.769723e+00
1.768662e+00
1.767611e+00
1.766568e+00
1.765535e+00
1.764511e+00
1.763495e+00
1.762488e+00
1.761490e+00
1.760500e+00
1.759518e+00
1.758545e+00
1.757580e+00
1.756623e+00
1.755673e+00
1.754732e+00
1.753798e+00
1.752872e+00
1.751953e+00
1.751042e+00
1.750138e+00
1.749241e+00
1.748351e+00
1.747469e+00
1.746593e+00
1.745724e+00
1.744862e+00
1.744007e+00
1.743158e+00
1.742315e+00
1.741479e+00
1.740650e+00
1.739826e+00
1.739009e+00
1.738198e+00
1.737393e+00
1.736594e+00
1.735801e+00
1.735014e+00
1.734232e+00
1.733456e+00
1.732686e+00
1.731922e+00
1.731163e+00
1.730409e+00
1.729661e+00
1.728918e+00
1.728181e+00
1.727448e+00
1.726721e+00
1.725999e+00
1.725282e+00
1.724571e+00
1.723864e+00
1.723162e+00
1.722465e+00
1.721772e+00
1.721085e+00
1.720402e+00
1.719724e+00
1.719051e+00
1.718382e+00
1.717718e+00
1.717058e+00
1.716403e+00
1.715752e+00
1.715106e+00
1.714464e+00
1.713826e+00
1.713193e+00
1.712564e+00
1.711940e+00
1.711319e+00
1.710703e+00
1.710091e+00
1.709483e+00
1.708879e+00
1.708279e+00
1.707683e+00
1.707091e+00
1.706503e+00
1.705919e+00
1.705339e+00
1.704763e+00
1.704191e+00
1.703623e+00
1.703058e+00
1.702498e+00
1.701941e+00
1.701388e+00
1.700839e+00
1.700293e+00
1.699752e+00
1.699214e+00
1.698680e+00
1.698149e+00
1.697622e+00
1.697099e+00
1.696580e+00
1.696065e+00
1.695553e+00
1.695044e+00
1.694540e+00
1.694039e+00
1.693542e+00
1.693049e+00
1.692559e+00
1.692073e+00
1.691590e+00
1.691111e+00
1.690636e+00
1.690165e+00
1.689697e+00
1.689233e+00
1.688772e+00
1.688316e+00
1.687863e+00
1.687413e+00
1.686968e+00
1.686526e+00
1.686088e+00
1.685653e+00
1.685223e+00
1.684796e+00
1.684372e+00
1.683953e+00
1.683537e+00
1.683125e+00
1.682717e+00
1.682313e+00
1.681913e+00
1.681516e+00
1.681123e+00
1.680734e+00
1.680349e+00
1.679968e+00
1.679591e+00
1.679218e+00
1.678849e+00
1.678484e+00
1.678122e+00
1.677765e+00
1.677412e+00
1.677062e+00
1.676717e+00
1.676376e+00
1.676039e+00
1.675706e+00
1.675377e+00
1.675052e+00
1.674731e+00
1.674415e+00
1.674102e+00
1.673794e+00
1.673490e+00
1.673190e+00
1.672894e+00
1.672602e+00
1.672315e+00
1.672032e+00
1.671753e+00
1.671478e+00
1.671207e+00
1.670940e+00
1.670678e+00
1.670420e+00
1.670166e+00
1.669916e+00
1.669670e+00
1.669429e+00
1.669192e+00
1.668958e+00
1.668729e+00
1.668504e+00
1.668283e+00
1.668066e+00
1.667853e+00
1.667643e+00
1.667438e+00
1.667237e+00
1.667040e+00
1.666846e+00
1.666656e+00
1.666471e+00
1.666288e+00
1.666110e+00
1.665935e+00
1.665764e+00
1.665596e+00
1.665432e+00
1.665272e+00
1.665115e+00
1.664961e+00
1.664811e+00
1.664663e+00
1.664520e+00
1.664379e+00
1.664241e+00
1.664107e+00
1.663976e+00
1.663848e+00
1.663722e+00
1.663600e+00
1.663480e+00
1.663363e+00
1.663249e+00
1.663138e+00
1.663029e+00
1.662923e+00
1.662819e+00
1.662718e+00
1.662619e+00
1.662523e+00
1.662429e+00
1.662337e+00
1.662248e+00
1.662161e+00
1.662076e+00
1.661993e+00
1.661912e+00
1.661833e+00
1.661756e+00
1.661681e+00
1.661608e+00
1.661536e+00
1.661467e+00
1.661399e+00
1.661333e+00
1.661269e+00
1.661206e+00
1.661145e+00
1.661085e+00
1.661027e+00
1.660970e+00
1.660915e+00
1.660861e+00
1.660809e+00
1.660758e+00
1.660708e+00
1.660660e+00
1.660613e+00
1.660567e+00
1.660522e+00
1.660478e+00
1.660436e+00
1.660394e+00
1.660354e+00
1.660314e+00
1.660276e+00
1.660239e+00
1.660203e+00
1.660167e+00
1.660133e+00
1.660099e+00
1.660066e+00
1.660035e+00
1.660003e+00
1.659973e+00
1.659944e+00
1.659915e+00
1.659887e+00
1.659860e+00
1.659834e+00
1.659808e+00
1.659783e+00
1.659758e+00
1.659734e+00
1.659711e+00
1.659689e+00
1.659667e+00
1.659645e+00
1.659624e+00
1.659604e+00
1.659584e+00
1.659565e+00
1.659546e+00
1.659528e+00
1.659510e+00
1.659493e+00
1.659476e+00
1.659460e+00
1.659444e+00
1.659428e+00
1.659413e+00
1.659398e+00
1.659384e+00
1.659370e+00
1.659356e+00
1.659343e+00
1.659330e+00
1.659317e+00
1.659305e+00
1.659293e+00
1.659282e+00
1.659270e+00
1.659259e+00
1.659249e+00
1.659238e+00
1.659228e+00
1.659218e+00
1.659208e+00
1.659199e+00
1.659190e+00
1.659181e+00
1.659172e+00
1.659164e+00
1.659156e+00
1.659148e+00
1.659140e+00
1.659132e+00
1.659125e+00
1.659118e+00
1.659111e+00
1.659104e+00
1.659097e+00
1.659091e+00
1.659085e+00
1.659079e+00
1.659073e+00
1.659067e+00
1.659061e+00
1.659056e+00
1.659050e+00
1.659045e+00
1.659040e+00
1.659035e+00
1.659030e+00
1.659025e+00
1.659021e+00
1.659016e+00
1.659012e+00
1.659008e+00
1.659004e+00
1.659000e+00
1.658996e+00
1.658992e+00
1.658988e+00
1.658985e+00
1.658981e+00
1.658978e+00
1.658975e+00
1.658971e+00
1.658968e+00
1.658965e+00
1.658962e+00
1.658959e+00
1.658956e+00
1.658954e+00
1.658951e+00
1.658948e+00
1.658946e+00
1.658943e+00
1.658941e+00
1.658939e+00
1.658936e+00
1.658934e+00
1.658932e+00
1.658930e+00
1.658928e+00
1.658926e+00
1.658924e+00
1.658922e+00
1.658920e+00
1.658918e+00
1.658917e+00
1.658915e+00
1.658913e+00
1.658912e+00
1.658910e+00
1.658909e+00
1.658907e+00
1.658906e+00
1.658904e+00
1.658903e+00
1.658902e+00
1.658900e+00
1.658899e+00
1.658898e+00
1.658897e+00
1.658895e+00
1.658894e+00
1.658893e+00
1.658892e+00
1.658891e+00
1.658890e+00
1.658889e+00
1.658888e+00
1.658887e+00
1.658886e+00
1.658885e+00
1.658884e+00
1.658884e+00
1.658883e+00
1.658882e+00
1.658881e+00
1.658880e+00
1.658880e+00
1.658879e+00
1.658878e+00
1.658877e+00
1.658877e+00
1.658876e+00
1.658876e+00
1.658875e+00
1.658874e+00
1.658874e+00
1.658873e+00
1.658873e+00
1.658872e+00
1.658872e+00
1.658871e+00
1.658871e+00
1.658870e+00
1.658870e+00
1.658869e+00
1.658869e+00
1.658852e+00
