1.664219e+00
1.664135e+00
1.664044e+00
1.663946e+00
1.663840e+00
1.663726e+00
1.663605e+00
1.663475e+00
1.663336e+00
1.663188e+00
1.663032e+00
1.662866e+00
1.662690e+00
1.662505e+00
1.662310e+00
1.662104e+00
1.661889e+00
1.661664e+00
1.661429e+00
1.661184e+00
1.660929e+00
1.660665e+00
1.660392e+00
1.660111e+00
1.659823e+00
1.659529e+00
1.659230e+00
1.658927e+00
1.658622e+00
1.658317e+00
1.658015e+00
1.657717e+00
1.657427e+00
1.657147e+00
1.656880e+00
1.656631e+00
1.656402e+00
1.656197e+00
1.656018e+00
1.655869e+00
1.655754e+00
1.655673e+00
1.655629e+00
1.655622e+00
1.655654e+00
1.655722e+00
1.655826e+00
1.655962e+00
1.656126e+00
1.656314e+00
1.656521e+00
1.656739e+00
1.656962e+00
1.657183e+00
1.657394e+00
1.657588e+00
1.657759e+00
1.657900e+00
1.658009e+00
1.658081e+00
1.658113e+00
1.658104e+00
1.658054e+00
1.657965e+00
1.657837e+00
1.657672e+00
1.657469e+00
1.657230e+00
1.656950e+00
1.656626e+00
1.656251e+00
1.655815e+00
1.655308e+00
1.654713e+00
1.654016e+00
1.653197e+00
1.652236e+00
1.651111e+00
1.649796e+00
1.648263e+00
1.646479e+00
1.645722e+00
1.644923e+00
1.644078e+00
1.643186e+00
1.642244e+00
1.641249e+00
1.640200e+00
1.639094e+00
1.637927e+00
1.636699e+00
1.635406e+00
1.634047e+00
1.632618e+00
1.631119e+00
1.629548e+00
1.627903e+00
1.626183e+00
1.624388e+00
1.622517e+00
1.620571e+00
1.618549e+00
1.616452e+00
1.614282e+00
1.612040e+00
1.609728e+00
1.607347e+00
1.604898e+00
1.602382e+00
1.599798e+00
1.597144e+00
1.594416e+00
1.591611e+00
1.588725e+00
1.585752e+00
1.582680e+00
1.579498e+00
1.576189e+00
1.572736e+00
1.569120e+00
1.565322e+00
1.561319e+00
1.557090e+00
1.552617e+00
1.547881e+00
1.542871e+00
1.537580e+00
1.532015e+00
1.526191e+00
1.520129e+00
1.513859e+00
1.507414e+00
1.500829e+00
1.494137e+00
1.487365e+00
1.480535e+00
1.473667e+00
1.466776e+00
1.459875e+00
1.452976e+00
1.446088e+00
1.439219e+00
1.432375e+00
1.425564e+00
1.418794e+00
1.412073e+00
1.405407e+00
1.398803e+00
1.392268e+00
1.385808e+00
1.379432e+00
1.373146e+00
1.366956e+00
1.360868e+00
1.354887e+00
1.349020e+00
1.343272e+00
1.337647e+00
1.332148e+00
1.326780e+00
1.321546e+00
1.316448e+00
1.311488e+00
1.306668e+00
1.301989e+00
1.297451e+00
1.293055e+00
1.288800e+00
1.284685e+00
1.280709e+00
1.276872e+00
1.273170e+00
1.269603e+00
1.266167e+00
1.262860e+00
1.259680e+00
1.256623e+00
1.253687e+00
1.250868e+00
1.248163e+00
1.245570e+00
1.243083e+00
1.240702e+00
1.238421e+00
1.236238e+00
1.234149e+00
1.232151e+00
1.230241e+00
1.228416e+00
1.226672e+00
1.225006e+00
1.223416e+00
1.221899e+00
1.220451e+00
1.219070e+00
1.217753e+00
1.216498e+00
1.215301e+00
1.214162e+00
1.213076e+00
1.212043e+00
1.211060e+00
1.210124e+00
1.209234e+00
1.208387e+00
1.207583e+00
1.206820e+00
1.206095e+00
1.205407e+00
1.204755e+00
1.204138e+00
1.203553e+00
1.203000e+00
1.202477e+00
1.201983e+00
1.201517e+00
1.201078e+00
1.200665e+00
1.200276e+00
1.199911e+00
1.199569e+00
1.199249e+00
1.198949e+00
1.198670e+00
1.198410e+00
1.198169e+00
1.197947e+00
1.197741e+00
1.197552e+00
1.197380e+00
1.197223e+00
1.197081e+00
1.196954e+00
1.196841e+00
1.196741e+00
1.196655e+00
1.196581e+00
1.196519e+00
1.196469e+00
1.196431e+00
1.196404e+00
1.196387e+00
1.196380e+00
1.196384e+00
1.196397e+00
1.196420e+00
1.196452e+00
1.196493e+00
1.196542e+00
1.196600e+00
1.196666e+00
1.196740e+00
1.196822e+00
1.196911e+00
1.197007e+00
1.197111e+00
1.197221e+00
1.197338e+00
1.197462e+00
1.197592e+00
1.197728e+00
1.197870e+00
1.198018e+00
1.198172e+00
1.198331e+00
1.198496e+00
1.198667e+00
1.198843e+00
1.199023e+00
1.199209e+00
1.199400e+00
1.199596e+00
1.199797e+00
1.200002e+00
1.200212e+00
1.200426e+00
1.200644e+00
1.200867e+00
1.201094e+00
1.201325e+00
1.201561e+00
1.201800e+00
1.202043e+00
1.202290e+00
1.202541e+00
1.202796e+00
1.203054e+00
1.203316e+00
1.203582e+00
1.203851e+00
1.204124e+00
1.204400e+00
1.204680e+00
1.204963e+00
1.205249e+00
1.205539e+00
1.205831e+00
1.206127e+00
1.206426e+00
1.206729e+00
1.207034e+00
1.207342e+00
1.207654e+00
1.207968e+00
1.208286e+00
1.208606e+00
1.208929e+00
1.209256e+00
1.209585e+00
1.209917e+00
1.210251e+00
1.210589e+00
1.210929e+00
1.211272e+00
1.211618e+00
1.211967e+00
1.212318e+00
1.212672e+00
1.213029e+00
1.213388e+00
1.213750e+00
1.214115e+00
1.214482e+00
1.214852e+00
1.215225e+00
1.215600e+00
1.215977e+00
1.216357e+00
1.216740e+00
1.217126e+00
1.217513e+00
1.217904e+00
1.218297e+00
1.218692e+00
1.219090e+00
1.219491e+00
1.219894e+00
1.220299e+00
1.220707e+00
1.221118e+00
1.221531e+00
1.221946e+00
1.222364e+00
1.222784e+00
1.223207e+00
1.223632e+00
1.224060e+00
1.224490e+00
1.224923e+00
1.225358e+00
1.225796e+00
1.226236e+00
1.226678e+00
1.227123e+00
1.227571e+00
1.228021e+00
1.228473e+00
1.228928e+00
1.229385e+00
1.229845e+00
1.230307e+00
1.230772e+00
1.231239e+00
1.231709e+00
1.232181e+00
1.232656e+00
1.233133e+00
1.233612e+00
1.234094e+00
1.234579e+00
1.235066e+00
1.235556e+00
1.236048e+00
1.236542e+00
1.237039e+00
1.237539e+00
1.238041e+00
1.238546e+00
1.239053e+00
1.239563e+00
1.240075e+00
1.240590e+00
1.241107e+00
1.241627e+00
1.242149e+00
1.242674e+00
1.243202e+00
1.243732e+00
1.244265e+00
1.244800e+00
1.245338e+00
1.245878e+00
1.246421e+00
1.246967e+00
1.247515e+00
1.248066e+00
1.248620e+00
1.249176e+00
1.249735e+00
1.250296e+00
1.250860e+00
1.251426e+00
1.251996e+00
1.252568e+00
1.253142e+00
1.253719e+00
1.254299e+00
1.254882e+00
1.255467e+00
1.256055e+00
1.256646e+00
1.257239e+00
1.257835e+00
1.258434e+00
1.259035e+00
1.259639e+00
1.260246e+00
1.260855e+00
1.261467e+00
1.262082e+00
1.262700e+00
1.263320e+00
1.263943e+00
1.264569e+00
1.265197e+00
1.265828e+00
1.266462e+00
1.267099e+00
1.267738e+00
1.268380e+00
1.269025e+00
1.269672e+00
1.270322e+00
1.270975e+00
1.271631e+00
1.272289e+00
1.272950e+00
1.273614e+00
1.274280e+00
1.274949e+00
1.275620e+00
1.276295e+00
1.276972e+00
1.277651e+00
1.278334e+00
1.279019e+00
1.279706e+00
1.280396e+00
1.281089e+00
1.281785e+00
1.282483e+00
1.283183e+00
1.283887e+00
1.284592e+00
1.285301e+00
1.286012e+00
1.286725e+00
1.287441e+00
1.288159e+00
1.288880e+00
1.289603e+00
1.290329e+00
1.291057e+00
1.291787e+00
1.292520e+00
1.293255e+00
1.293993e+00
1.294733e+00
1.295475e+00
1.296219e+00
1.296965e+00
1.297714e+00
1.298465e+00
1.299217e+00
1.299972e+00
1.300729e+00
1.301488e+00
1.302249e+00
1.303012e+00
1.303777e+00
1.304544e+00
1.305312e+00
1.306082e+00
1.306854e+00
1.307628e+00
1.308403e+00
1.309180e+00
1.309958e+00
1.310738e+00
1.311520e+00
1.312302e+00
1.313087e+00
1.313872e+00
1.314659e+00
1.315447e+00
1.316236e+00
1.317026e+00
1.317818e+00
1.318610e+00
1.319403e+00
1.320198e+00
1.320993e+00
1.321789e+00
1.322585e+00
1.323382e+00
1.324180e+00
1.324978e+00
1.325778e+00
1.326577e+00
1.327377e+00
1.328177e+00
1.328978e+00
1.329780e+00
1.330581e+00
1.331383e+00
1.332185e+00
1.332987e+00
1.333789e+00
1.334592e+00
1.335394e+00
1.336197e+00
1.336999e+00
1.337802e+00
1.338605e+00
1.339407e+00
1.340210e+00
1.341013e+00
1.341815e+00
1.342618e+00
1.343421e+00
1.344224e+00
1.345027e+00
1.345830e+00
1.346633e+00
1.347437e+00
1.348241e+00
1.349045e+00
1.349849e+00
1.350654e+00
1.351459e+00
1.352265e+00
1.353071e+00
1.353878e+00
1.354686e+00
1.355495e+00
1.356304e+00
1.357115e+00
1.357927e+00
1.358740e+00
1.359554e+00
1.360370e+00
1.361188e+00
1.362008e+00
1.362829e+00
1.363653e+00
1.364479e+00
1.365307e+00
1.366138e+00
1.366972e+00
1.367808e+00
1.368648e+00
1.369491e+00
1.370337e+00
1.371187e+00
1.372040e+00
1.372898e+00
1.373759e+00
1.374626e+00
1.375496e+00
1.376372e+00
1.377252e+00
1.378138e+00
1.379029e+00
1.379925e+00
1.380828e+00
1.381736e+00
1.382650e+00
1.383571e+00
1.384499e+00
1.385433e+00
1.386375e+00
1.387324e+00
1.388280e+00
1.389243e+00
1.390215e+00
1.391195e+00
1.392182e+00
1.393178e+00
1.394183e+00
1.395196e+00
1.396219e+00
1.397250e+00
1.398290e+00
1.399340e+00
1.400399e+00
1.401468e+00
1.402547e+00
1.403635e+00
1.404733e+00
1.405841e+00
1.406959e+00
1.408088e+00
1.409226e+00
1.410375e+00
1.411533e+00
1.412703e+00
1.413882e+00
1.415071e+00
1.416271e+00
1.417481e+00
1.418700e+00
1.419930e+00
1.421170e+00
1.422420e+00
1.423680e+00
1.424949e+00
1.426229e+00
1.427517e+00
1.428816e+00
1.430123e+00
1.431440e+00
1.432766e+00
1.434101e+00
1.435445e+00
1.436797e+00
1.438158e+00
1.439527e+00
1.440904e+00
1.442289e+00
1.443681e+00
1.445081e+00
1.446488e+00
1.447901e+00
1.449322e+00
1.450748e+00
1.452181e+00
1.453619e+00
1.455063e+00
1.456511e+00
1.457965e+00
1.459423e+00
1.460885e+00
1.462351e+00
1.463820e+00
1.465293e+00
1.466768e+00
1.468245e+00
1.469725e+00
1.471206e+00
1.472688e+00
1.474172e+00
1.475656e+00
1.477140e+00
1.478623e+00
1.480106e+00
1.481588e+00
1.483069e+00
1.484547e+00
1.486024e+00
1.487497e+00
1.488968e+00
1.490435e+00
1.491898e+00
1.493356e+00
1.494810e+00
1.496259e+00
1.497703e+00
1.499140e+00
1.500571e+00
1.501995e+00
1.503412e+00
1.504822e+00
1.506223e+00
1.507617e+00
1.509001e+00
1.510377e+00
1.511743e+00
1.513099e+00
1.514444e+00
1.515779e+00
1.517103e+00
1.518415e+00
1.519716e+00
1.521004e+00
1.522280e+00
1.523543e+00
1.524792e+00
1.526027e+00
1.527249e+00
1.528456e+00
1.529648e+00
1.530825e+00
1.531986e+00
1.533131e+00
1.534261e+00
1.535373e+00
1.536469e+00
1.537547e+00
1.538608e+00
1.539651e+00
1.540676e+00
1.541682e+00
1.542670e+00
1.543638e+00
1.544587e+00
1.545516e+00
1.546426e+00
1.547315e+00
1.548183e+00
1.549031e+00
1.549859e+00
1.550664e+00
1.551449e+00
1.552212e+00
1.552953e+00
1.553672e+00
1.554369e+00
1.555044e+00
1.555696e+00
1.556326e+00
1.556933e+00
1.557517e+00
1.558079e+00
1.558617e+00
1.559133e+00
1.559626e+00
1.560096e+00
1.560543e+00
1.560967e+00
1.561368e+00
1.561747e+00
1.562103e+00
1.562436e+00
1.562747e+00
1.563036e+00
1.563303e+00
1.563548e+00
1.563772e+00
1.563974e+00
1.564155e+00
1.564316e+00
1.564456e+00
1.564576e+00
1.564677e+00
1.564758e+00
1.564821e+00
1.564865e+00
1.564891e+00
1.564900e+00
1.564892e+00
1.564868e+00
1.564828e+00
1.564772e+00
1.564702e+00
1.564618e+00
1.564521e+00
1.564411e+00
1.564288e+00
1.564154e+00
1.564010e+00
1.563855e+00
1.563691e+00
1.563518e+00
1.563337e+00
1.563149e+00
1.562954e+00
1.562753e+00
1.562547e+00
1.562337e+00
1.562123e+00
1.561906e+00
1.561687e+00
1.561467e+00
1.561245e+00
1.561024e+00
1.560803e+00
1.560584e+00
1.560367e+00
1.560152e+00
1.559941e+00
1.559734e+00
1.559531e+00
1.559334e+00
1.559143e+00
1.558958e+00
1.558780e+00
1.558610e+00
1.558448e+00
1.558294e+00
1.558150e+00
1.558015e+00
1.557891e+00
1.557777e+00
1.557674e+00
1.557582e+00
1.557502e+00
1.557434e+00
1.557379e+00
1.557336e+00
1.557307e+00
1.557291e+00
1.557288e+00
1.557299e+00
1.557325e+00
1.557365e+00
1.557419e+00
1.557487e+00
1.557571e+00
1.557669e+00
1.557783e+00
1.557911e+00
1.558055e+00
1.558214e+00
1.558388e+00
1.558577e+00
1.558782e+00
1.559001e+00
1.559236e+00
1.559486e+00
1.559751e+00
1.560031e+00
1.560325e+00
1.560634e+00
1.560958e+00
1.561296e+00
1.561649e+00
1.562015e+00
1.562396e+00
1.562790e+00
1.563198e+00
1.563619e+00
1.564053e+00
1.564499e+00
1.564959e+00
1.565431e+00
1.565915e+00
1.566410e+00
1.566918e+00
1.567436e+00
1.567966e+00
1.568507e+00
1.569057e+00
1.569619e+00
1.570190e+00
1.570770e+00
1.571360e+00
1.571959e+00
1.572566e+00
1.573182e+00
1.573806e+00
1.574437e+00
1.575076e+00
1.575722e+00
1.576375e+00
1.577034e+00
1.577700e+00
1.578371e+00
1.579048e+00
1.579730e+00
1.580416e+00
1.581108e+00
1.581803e+00
1.582503e+00
1.583206e+00
1.583912e+00
1.584622e+00
1.585334e+00
1.586049e+00
1.586766e+00
1.587485e+00
1.588205e+00
1.588927e+00
1.589650e+00
1.590374e+00
1.591098e+00
1.591823e+00
1.592547e+00
1.593272e+00
1.593996e+00
1.594719e+00
1.595442e+00
1.596163e+00
1.596884e+00
1.597602e+00
1.598319e+00
1.599035e+00
1.599748e+00
1.600458e+00
1.601167e+00
1.601872e+00
1.602575e+00
1.603276e+00
1.603973e+00
1.604666e+00
1.605357e+00
1.606044e+00
1.606727e+00
1.607407e+00
1.608082e+00
1.608754e+00
1.609422e+00
1.610085e+00
1.610744e+00
1.611399e+00
1.612049e+00
1.612695e+00
1.613336e+00
1.613972e+00
1.614604e+00
1.615230e+00
1.615852e+00
1.616469e+00
1.617080e+00
1.617687e+00
1.618288e+00
1.618885e+00
1.619476e+00
1.620062e+00
1.620642e+00
1.621217e+00
1.621787e+00
1.622351e+00
1.622910e+00
1.623464e+00
1.624012e+00
1.624555e+00
1.625092e+00
1.625624e+00
1.626150e+00
1.626671e+00
1.627186e+00
1.627696e+00
1.628201e+00
1.628700e+00
1.629194e+00
1.629682e+00
1.630165e+00
1.630643e+00
1.631115e+00
1.631582e+00
1.632043e+00
1.632500e+00
1.632951e+00
1.633396e+00
1.633837e+00
1.634273e+00
1.634703e+00
1.635128e+00
1.635548e+00
1.635964e+00
1.636374e+00
1.636779e+00
1.637179e+00
1.637575e+00
1.637965e+00
1.638351e+00
1.638732e+00
1.639109e+00
1.639480e+00
1.639847e+00
1.640210e+00
1.640568e+00
1.640921e+00
1.641270e+00
1.641614e+00
1.641954e+00
1.642290e+00
1.642622e+00
1.642949e+00
1.643272e+00
1.643591e+00
1.643905e+00
1.644216e+00
1.644522e+00
1.644825e+00
1.645124e+00
1.645418e+00
1.645709e+00
1.645996e+00
1.646279e+00
1.646559e+00
1.646834e+00
1.647106e+00
1.647375e+00
1.647640e+00
1.647901e+00
1.648159e+00
1.648413e+00
1.648664e+00
1.648911e+00
1.649155e+00
1.649396e+00
1.649634e+00
1.649868e+00
1.650099e+00
1.650328e+00
1.650552e+00
1.650774e+00
1.650993e+00
1.651209e+00
1.651422e+00
1.651632e+00
1.651839e+00
1.652044e+00
1.652245e+00
1.652444e+00
1.652640e+00
1.652833e+00
1.653024e+00
1.653212e+00
1.653398e+00
1.653581e+00
1.653761e+00
1.653939e+00
1.654115e+00
1.654288e+00
1.654458e+00
1.654627e+00
1.654793e+00
1.654956e+00
1.655118e+00
1.655277e+00
1.655434e+00
1.655589e+00
1.655742e+00
1.655892e+00
1.656041e+00
1.656187e+00
1.656332e+00
1.656474e+00
1.656615e+00
1.656753e+00
1.656890e+00
1.657025e+00
1.657157e+00
1.657288e+00
1.657418e+00
1.657545e+00
1.657670e+00
1.657794e+00
1.657916e+00
1.658037e+00
1.658156e+00
1.658273e+00
1.658388e+00
1.658502e+00
1.658614e+00
1.658725e+00
1.658834e+00
1.658942e+00
1.659048e+00
1.659153e+00
1.659256e+00
1.659358e+00
1.659458e+00
1.659557e+00
1.659654e+00
1.659751e+00
1.659845e+00
1.659939e+00
1.660031e+00
1.660122e+00
1.660212e+00
1.660300e+00
1.660387e+00
1.660473e+00
1.660558e+00
1.660642e+00
1.660724e+00
1.660806e+00
1.660886e+00
1.660965e+00
1.661043e+00
1.661120e+00
1.661195e+00
1.661270e+00
1.661344e+00
1.661417e+00
1.661488e+00
1.661559e+00
1.661629e+00
1.661697e+00
1.661765e+00
1.661832e+00
1.661898e+00
1.661963e+00
1.662027e+00
1.662090e+00
1.662152e+00
1.662214e+00
1.662275e+00
1.662334e+00
1.662393e+00
1.662451e+00
1.662509e+00
1.662565e+00
1.662621e+00
1.662676e+00
1.662730e+00
1.662784e+00
1.662836e+00
1.662888e+00
1.662940e+00
1.662990e+00
1.663040e+00
1.663089e+00
1.663138e+00
1.663186e+00
1.663233e+00
1.663279e+00
1.663325e+00
1.663371e+00
1.663415e+00
1.663459e+00
1.663503e+00
1.663545e+00
1.663588e+00
1.663629e+00
1.663670e+00
1.663711e+00
1.663751e+00
1.663790e+00
1.663829e+00
1.663867e+00
1.663905e+00
1.663942e+00
1.663979e+00
1.664015e+00
1.664051e+00
1.664086e+00
1.664121e+00
1.664156e+00
1.664189e+00
1.664223e+00
1.664256e+00
1.664288e+00
1.664320e+00
1.664352e+00
1.664383e+00
1.664413e+00
1.664444e+00
1.664474e+00
1.664503e+00
1.664532e+00
1.664561e+00
1.664589e+00
1.664617e+00
1.664644e+00
1.664671e+00
1.664698e+00
1.664725e+00
1.664751e+00
1.664776e+00
1.664802e+00
1.664826e+00
1.664851e+00
1.664875e+00
1.664899e+00
1.664923e+00
1.664946e+00
1.664969e+00
1.664992e+00
1.665014e+00
1.665036e+00
1.665058e+00
1.665080e+00
1.665101e+00
1.665122e+00
1.665142e+00
1.665162e+00
1.665182e+00
1.665202e+00
1.665222e+00
1.665241e+00
1.665260e+00
1.665279e+00
1.665297e+00
1.665315e+00
1.665333e+00
1.665351e+00
1.665368e+00
1.665386e+00
1.665403e+00
1.665419e+00
1.665436e+00
1.665452e+00
1.665468e+00
1.665484e+00
1.665500e+00
1.665515e+00
1.665530e+00
1.665546e+00
1.665560e+00
1.665575e+00
1.665589e+00
1.665604e+00
1.665618e+00
1.665631e+00
1.665645e+00
1.665659e+00
1.665672e+00
1.665685e+00
1.665698e+00
1.665711e+00
1.665723e+00
1.665736e+00
1.665748e+00
1.665760e+00
1.665772e+00
1.665784e+00
1.665795e+00
1.665807e+00
1.665818e+00
1.665829e+00
1.665840e+00
1.665851e+00
1.665862e+00
1.665872e+00
1.665883e+00
1.665893e+00
1.665903e+00
1.665913e+00
1.665923e+00
1.665933e+00
1.665942e+00
1.665952e+00
1.665961e+00
1.665970e+00
1.665979e+00
1.665988e+00
1.665997e+00
1.666006e+00
1.666015e+00
1.666023e+00
1.666031e+00
1.666040e+00
1.666048e+00
1.666056e+00
1.666064e+00
1.666072e+00
1.666079e+00
1.666087e+00
1.666095e+00
1.666102e+00
1.666109e+00
1.666117e+00
1.666124e+00
1.666131e+00
1.666138e+00
1.666145e+00
1.666151e+00
1.666158e+00
1.666165e+00
1.666171e+00
1.666178e+00
1.666184e+00
1.666190e+00
1.666196e+00
1.666202e+00
1.666208e+00
1.666214e+00
1.666220e+00
1.666226e+00
1.666232e+00
1.666237e+00
1.666243e+00
1.666248e+00
1.666254e+00
1.666259e+00
1.666264e+00
1.666269e+00
1.666275e+00
1.666280e+00
1.666285e+00
1.666290e+00
1.666294e+00
1.666299e+00
1.666304e+00
1.666309e+00
1.666313e+00
1.666318e+00
1.666322e+00
1.666327e+00
1.666331e+00
1.666335e+00
1.666340e+00
1.666344e+00
1.666348e+00
1.666352e+00
1.666356e+00
1.666360e+00
1.666364e+00
1.666368e+00
1.666372e+00
1.666376e+00
1.666380e+00
1.666383e+00
1.666387e+00
1.666391e+00
1.666394e+00
1.666398e+00
1.666401e+00
1.666405e+00
1.666408e+00
1.666411e+00
1.666415e+00
1.666418e+00
1.666421e+00
1.666424e+00
1.666427e+00
1.666431e+00
1.666434e+00
1.666437e+00
1.666440e+00
1.666443e+00
1.666446e+00
1.666448e+00
1.666451e+00
1.666454e+00
1.666457e+00
1.666460e+00
1.666462e+00
1.666465e+00
1.666468e+00
1.666470e+00
1.666473e+00
1.666475e+00
1.666478e+00
1.666480e+00
1.666483e+00
1.666485e+00
1.666488e+00
1.666490e+00
1.666492e+00
1.666495e+00
1.666497e+00
1.666499e+00
1.666502e+00
1.666504e+00
1.666506e+00
1.666508e+00
1.666510e+00
1.666512e+00
1.666515e+00
1.666517e+00
1.666519e+00
1.666521e+00
1.666523e+00
1.666525e+00
1.666527e+00
1.666528e+00
1.666530e+00
1.666532e+00
1.666534e+00
1.666536e+00
1.666538e+00
1.666540e+00
1.666541e+00
1.666543e+00
1.666545e+00
1.666547e+00
1.666548e+00
1.666550e+00
1.666552e+00
1.666553e+00
1.666555e+00
1.666557e+00
1.666558e+00
1.666560e+00
1.666561e+00
1.666563e+00
1.666564e+00
1.666566e+00
1.666567e+00
1.666569e+00
1.666570e+00
1.666572e+00
1.666573e+00
1.666575e+00
1.666576e+00
1.666577e+00
1.666579e+00
1.666580e+00
1.666581e+00
1.666583e+00
1.666584e+00
1.666585e+00
1.666587e+00
1.666588e+00
1.666589e+00
1.666591e+00
1.666592e+00
1.666593e+00
1.666594e+00
1.666595e+00
1.666597e+00
1.666598e+00
1.666599e+00
1.666600e+00
1.666601e+00
1.666603e+00
1.666604e+00
1.666605e+00
1.666606e+00
1.666607e+00
1.666608e+00
1.666609e+00
1.666610e+00
1.666611e+00
1.666612e+00
1.666613e+00
1.666614e+00
1.666616e+00
1.666617e+00
1.666618e+00
1.666619e+00
1.666620e+00
1.666621e+00
1.666622e+00
1.666623e+00
1.666623e+00
1.666624e+00
1.666625e+00
1.666626e+00
1.666627e+00
1.666628e+00
1.666629e+00
1.666630e+00
1.666631e+00
1.666632e+00
1.666633e+00
1.666634e+00
1.666635e+00
1.666635e+00
1.666636e+00
1.666637e+00
1.666638e+00
1.666639e+00
1.666640e+00
1.666641e+00
1.666642e+00
1.666643e+00
1.666644e+00
1.666644e+00
1.666645e+00
1.666646e+00
1.666647e+00
1.666648e+00
1.666649e+00
1.666650e+00
1.666651e+00
1.666652e+00
1.666653e+00
1.666654e+00
1.666655e+00
1.666656e+00
1.666657e+00
1.666658e+00
1.666659e+00
1.666660e+00
1.666661e+00
1.666662e+00
1.666663e+00
1.666664e+00
1.666665e+00
1.666666e+00
1.666667e+00
1.666669e+00
1.666670e+00
1.666671e+00
1.666672e+00
1.666673e+00
1.666674e+00
1.666676e+00
1.666677e+00
1.666678e+00
1.666679e+00
1.666681e+00
1.666682e+00
1.666683e+00
1.666685e+00
1.666686e+00
1.666688e+00
1.666689e+00
1.666690e+00
1.666692e+00
1.666693e+00
1.666695e+00
1.666696e+00
1.666698e+00
1.666700e+00
1.666701e+00
1.666703e+00
1.666705e+00
1.666706e+00
1.666708e+00
1.666710e+00
1.666712e+00
1.666713e+00
1.666715e+00
1.666717e+00
1.666719e+00
1.666721e+00
1.666723e+00
1.666725e+00
1.666727e+00
1.666729e+00
1.666731e+00
1.666734e+00
1.666736e+00
1.666738e+00
1.666741e+00
1.666743e+00
1.666745e+00
1.666748e+00
1.666750e+00
1.666753e+00
1.666755e+00
1.666758e+00
1.666761e+00
1.666764e+00
1.666766e+00
1.666769e+00
1.666772e+00
1.666775e+00
1.666778e+00
1.666781e+00
1.666785e+00
1.666788e+00
1.666791e+00
1.666794e+00
1.666798e+00
1.666801e+00
1.666805e+00
1.666809e+00
1.666812e+00
1.666816e+00
1.666820e+00
1.666824e+00
1.666828e+00
1.666832e+00
1.666836e+00
1.666840e+00
1.666845e+00
1.666849e+00
1.666854e+00
1.666858e+00
1.666863e+00
1.666868e+00
1.666873e+00
1.666878e+00
1.666883e+00
1.666888e+00
1.666894e+00
1.666899e+00
1.666905e+00
1.666911e+00
1.666916e+00
1.666922e+00
1.666928e+00
1.666935e+00
1.666941e+00
1.666947e+00
1.666954e+00
1.666961e+00
1.666968e+00
1.666975e+00
1.666982e+00
1.666989e+00
1.666997e+00
1.667004e+00
1.667012e+00
1.667020e+00
1.667028e+00
1.667037e+00
1.667045e+00
1.667054e+00
1.667063e+00
1.667072e+00
1.667081e+00
1.667090e+00
1.667100e+00
1.667110e+00
1.667120e+00
1.667130e+00
1.667140e+00
1.667151e+00
1.667162e+00
1.667173e+00
1.667184e+00
1.667196e+00
1.667208e+00
1.667220e+00
1.667232e+00
1.667245e+00
1.667257e+00
1.667270e+00
1.667284e+00
1.667297e+00
1.667311e+00
1.667325e+00
1.667340e+00
1.667355e+00
1.667370e+00
1.667385e+00
1.667400e+00
1.667416e+00
1.667433e+00
1.667449e+00
1.667466e+00
1.667483e+00
1.667501e+00
1.667519e+00
1.667537e+00
1.667555e+00
1.667574e+00
1.667594e+00
1.667613e+00
1.667633e+00
1.667654e+00
1.667674e+00
1.667695e+00
1.667717e+00
1.667739e+00
1.667761e+00
1.667784e+00
1.667807e+00
1.667830e+00
1.667854e+00
1.667878e+00
1.667903e+00
1.667928e+00
1.667953e+00
1.667979e+00
1.668006e+00
1.668033e+00
1.668060e+00
1.668087e+00
1.668116e+00
1.668144e+00
1.668173e+00
1.668202e+00
1.668232e+00
1.668263e+00
1.668293e+00
1.668324e+00
1.668356e+00
1.668388e+00
1.668421e+00
1.668453e+00
1.668487e+00
1.668521e+00
1.668555e+00
1.668589e+00
1.668625e+00
1.668660e+00
1.668696e+00
1.668732e+00
1.668769e+00
1.668806e+00
1.668843e+00
1.668881e+00
1.668919e+00
1.668958e+00
1.668996e+00
1.669036e+00
1.669075e+00
1.669115e+00
1.669155e+00
1.669195e+00
1.669236e+00
1.669276e+00
1.669317e+00
1.669358e+00
1.669399e+00
1.669441e+00
1.669482e+00
1.669524e+00
1.669565e+00
1.669607e+00
1.669648e+00
1.669689e+00
1.669731e+00
1.669772e+00
1.669813e+00
1.669854e+00
1.669894e+00
1.669934e+00
1.669974e+00
1.670013e+00
1.670052e+00
1.670090e+00
1.670128e+00
1.670165e+00
1.670201e+00
1.670237e+00
1.670272e+00
1.670305e+00
1.670338e+00
1.670370e+00
1.670400e+00
1.670429e+00
1.670457e+00
1.670483e+00
1.670508e+00
1.670531e+00
1.670553e+00
1.670573e+00
1.670590e+00
1.670606e+00
1.670619e+00
1.670631e+00
1.670639e+00
1.670646e+00
1.670649e+00
1.670650e+00
1.670648e+00
1.670642e+00
1.670634e+00
1.670622e+00
1.670606e+00
1.670587e+00
1.670564e+00
1.670537e+00
1.670507e+00
1.670472e+00
1.670432e+00
1.670388e+00
1.670338e+00
1.670284e+00
1.670224e+00
1.670159e+00
1.670088e+00
1.670011e+00
1.669928e+00
1.669839e+00
1.669744e+00
1.669641e+00
1.669532e+00
1.669416e+00
1.669292e+00
1.669161e+00
1.669022e+00
1.668875e+00
1.668720e+00
1.668556e+00
1.668384e+00
1.668202e+00
1.668012e+00
1.667812e+00
1.667602e+00
1.667382e+00
1.667152e+00
1.666912e+00
1.666662e+00
1.666400e+00
1.666127e+00
1.665843e+00
1.665548e+00
1.665240e+00
1.664921e+00
1.664589e+00
1.664245e+00
1.663889e+00
1.663519e+00
1.663136e+00
1.662740e+00
1.662330e+00
1.661907e+00
1.661469e+00
1.661018e+00
1.660552e+00
1.660072e+00
1.659576e+00
1.659066e+00
1.658541e+00
1.658001e+00
1.657446e+00
1.656875e+00
1.656288e+00
1.655686e+00
1.655067e+00
1.654433e+00
1.653782e+00
1.653116e+00
1.652433e+00
1.651734e+00
1.651018e+00
1.650286e+00
1.649537e+00
1.648771e+00
1.647989e+00
1.647191e+00
1.646375e+00
1.645543e+00
1.644694e+00
1.643829e+00
1.642947e+00
1.642048e+00
1.641133e+00
1.640202e+00
1.639254e+00
1.638289e+00
1.637308e+00
1.636312e+00
1.635299e+00
1.634270e+00
1.633225e+00
1.632165e+00
1.631089e+00
1.629997e+00
1.628890e+00
1.627768e+00
1.626632e+00
1.625480e+00
1.624314e+00
1.623133e+00
1.621939e+00
1.620730e+00
1.619507e+00
1.618271e+00
1.617022e+00
1.615759e+00
1.614484e+00
1.613196e+00
1.611895e+00
1.610583e+00
1.609258e+00
1.607922e+00
1.606574e+00
1.605215e+00
1.603845e+00
1.602464e+00
1.601073e+00
1.599672e+00
1.598260e+00
1.596839e+00
1.595409e+00
1.593969e+00
1.592520e+00
1.591062e+00
1.589596e+00
1.588121e+00
1.586638e+00
1.585148e+00
1.583649e+00
1.582143e+00
1.580630e+00
1.579109e+00
1.577582e+00
1.576048e+00
1.574508e+00
1.572962e+00
1.571409e+00
1.569851e+00
1.568288e+00
1.566719e+00
1.565146e+00
1.563568e+00
1.561986e+00
1.560401e+00
1.558813e+00
1.557222e+00
1.555629e+00
1.554035e+00
1.552440e+00
1.550845e+00
1.549250e+00
1.547657e+00
1.546066e+00
1.544478e+00
1.542894e+00
1.541314e+00
1.539740e+00
1.538171e+00
1.536608e+00
1.535052e+00
1.533504e+00
1.531964e+00
1.530432e+00
1.528908e+00
1.527393e+00
1.525887e+00
1.524389e+00
1.522901e+00
1.521421e+00
1.519951e+00
1.518489e+00
1.517037e+00
1.515592e+00
1.514157e+00
1.512730e+00
1.511311e+00
1.509901e+00
1.508499e+00
1.507106e+00
1.505720e+00
1.504343e+00
1.502974e+00
1.501613e+00
1.500261e+00
1.498916e+00
1.497580e+00
1.496252e+00
1.494932e+00
1.493621e+00
1.492318e+00
1.491023e+00
1.489737e+00
1.488460e+00
1.487191e+00
1.485931e+00
1.484680e+00
1.483438e+00
1.482205e+00
1.480980e+00
1.479765e+00
1.478559e+00
1.477362e+00
1.476174e+00
1.474996e+00
1.473827e+00
1.472667e+00
1.471517e+00
1.470376e+00
1.469244e+00
1.468123e+00
1.467010e+00
1.465908e+00
1.464815e+00
1.463731e+00
1.462658e+00
1.461594e+00
1.460539e+00
1.459495e+00
1.458460e+00
1.457434e+00
1.456419e+00
1.455413e+00
1.454417e+00
1.453430e+00
1.452453e+00
1.451486e+00
1.450529e+00
1.449581e+00
1.448643e+00
1.447715e+00
1.446796e+00
1.445887e+00
1.444987e+00
1.444097e+00
1.443216e+00
1.442345e+00
1.441484e+00
1.440632e+00
1.439789e+00
1.438955e+00
1.438131e+00
1.437317e+00
1.436511e+00
1.435715e+00
1.434928e+00
1.434150e+00
1.433382e+00
1.432622e+00
1.431871e+00
1.431130e+00
1.430397e+00
1.429673e+00
1.428958e+00
1.428252e+00
1.427554e+00
1.426865e+00
1.426184e+00
1.425512e+00
1.424848e+00
1.424193e+00
1.423546e+00
1.422906e+00
1.422275e+00
1.421652e+00
1.421036e+00
1.420429e+00
1.419829e+00
1.419237e+00
1.418652e+00
1.418075e+00
1.417506e+00
1.416944e+00
1.416389e+00
1.415841e+00
1.415301e+00
1.414767e+00
1.414241e+00
1.413721e+00
1.413209e+00
1.412703e+00
1.412204e+00
1.411711e+00
1.411225e+00
1.410746e+00
1.410272e+00
1.409805e+00
1.409345e+00
1.408890e+00
1.408441e+00
1.407999e+00
1.407562e+00
1.407131e+00
1.406706e+00
1.406286e+00
1.405872e+00
1.405464e+00
1.405061e+00
1.404663e+00
1.404270e+00
1.403883e+00
1.403501e+00
1.403123e+00
1.402751e+00
1.402384e+00
1.402021e+00
1.401663e+00
1.401310e+00
1.400961e+00
1.400617e+00
1.400277e+00
1.399941e+00
1.399610e+00
1.399283e+00
1.398961e+00
1.398642e+00
1.398327e+00
1.398017e+00
1.397710e+00
1.397407e+00
1.397108e+00
1.396812e+00
1.396520e+00
1.396232e+00
1.395947e+00
1.395666e+00
1.395388e+00
1.395114e+00
1.394843e+00
1.394575e+00
1.394310e+00
1.394048e+00
1.393790e+00
1.393534e+00
1.393282e+00
1.393032e+00
1.392785e+00
1.392542e+00
1.392301e+00
1.392062e+00
1.391827e+00
1.391594e+00
1.391364e+00
1.391136e+00
1.390911e+00
1.390688e+00
1.390468e+00
1.390250e+00
1.390035e+00
1.389822e+00
1.389611e+00
1.389402e+00
1.389196e+00
1.388992e+00
1.388790e+00
1.388590e+00
1.388392e+00
1.388197e+00
1.388003e+00
1.387811e+00
1.387621e+00
1.387434e+00
1.387248e+00
1.387064e+00
1.386882e+00
1.386701e+00
1.386523e+00
1.386346e+00
1.386171e+00
1.385998e+00
1.385826e+00
1.385656e+00
1.385488e+00
1.385321e+00
1.385156e+00
1.384992e+00
1.384830e+00
1.384670e+00
1.384511e+00
1.384353e+00
1.384197e+00
1.384043e+00
1.383889e+00
1.383738e+00
1.383587e+00
1.383438e+00
1.383290e+00
1.383144e+00
1.382999e+00
1.382855e+00
1.382713e+00
1.382572e+00
1.382432e+00
1.382293e+00
1.382156e+00
1.382019e+00
1.381884e+00
1.381750e+00
1.381617e+00
1.381486e+00
1.381355e+00
1.381226e+00
1.381097e+00
1.380970e+00
1.380844e+00
1.380719e+00
1.380595e+00
1.380472e+00
1.380350e+00
1.380229e+00
1.380109e+00
1.379991e+00
1.379873e+00
1.379756e+00
1.379640e+00
1.379525e+00
1.379411e+00
1.379297e+00
1.379185e+00
1.379074e+00
1.378964e+00
1.378854e+00
1.378746e+00
1.378638e+00
1.378531e+00
1.378425e+00
1.378320e+00
1.378216e+00
1.378112e+00
1.378010e+00
1.377908e+00
1.377807e+00
1.377707e+00
1.377608e+00
1.377509e+00
1.377412e+00
1.377315e+00
1.377219e+00
1.377123e+00
1.377029e+00
1.376935e+00
1.376842e+00
1.376750e+00
1.376659e+00
1.376568e+00
1.376478e+00
1.376389e+00
1.376300e+00
1.376213e+00
1.376126e+00
1.376039e+00
1.375954e+00
1.375869e+00
1.375785e+00
1.375702e+00
1.375619e+00
1.375537e+00
1.375456e+00
1.375376e+00
1.375296e+00
1.375217e+00
1.375138e+00
1.375061e+00
1.374984e+00
1.374908e+00
1.374832e+00
1.374757e+00
1.374683e+00
1.374610e+00
1.374537e+00
1.374465e+00
1.374394e+00
1.374323e+00
1.374253e+00
1.374184e+00
1.374116e+00
1.374048e+00
1.373981e+00
1.373914e+00
1.373849e+00
1.373784e+00
1.373719e+00
1.373656e+00
1.373593e+00
1.373531e+00
1.373469e+00
1.373408e+00
1.373348e+00
1.373289e+00
1.373230e+00
1.373172e+00
1.373115e+00
1.373058e+00
1.373002e+00
1.372947e+00
1.372893e+00
1.372839e+00
1.372786e+00
1.372734e+00
1.372682e+00
1.372631e+00
1.372581e+00
1.372531e+00
1.372482e+00
1.372434e+00
1.372387e+00
1.372340e+00
1.372294e+00
1.372249e+00
1.372205e+00
1.372161e+00
1.372118e+00
1.372075e+00
1.372033e+00
1.371992e+00
1.371952e+00
1.371912e+00
1.371873e+00
1.371835e+00
1.371797e+00
1.371760e+00
1.371724e+00
1.371688e+00
1.371653e+00
1.371619e+00
1.371585e+00
1.371552e+00
1.371520e+00
1.371488e+00
1.371457e+00
1.371427e+00
1.371397e+00
1.371368e+00
1.371339e+00
1.371311e+00
1.371284e+00
1.371257e+00
1.371230e+00
1.371205e+00
1.371179e+00
1.371155e+00
1.371131e+00
1.371107e+00
1.371084e+00
1.371062e+00
1.371040e+00
1.371018e+00
1.370997e+00
1.370977e+00
1.370957e+00
1.370937e+00
1.370918e+00
1.370899e+00
1.370881e+00
1.370863e+00
1.370846e+00
1.370829e+00
1.370812e+00
1.370796e+00
1.370781e+00
1.370765e+00
1.370750e+00
1.370736e+00
1.370721e+00
1.370708e+00
1.370694e+00
1.370681e+00
1.370668e+00
1.370655e+00
1.370643e+00
1.370631e+00
1.370619e+00
1.370608e+00
1.370597e+00
1.370586e+00
1.370576e+00
1.370566e+00
1.370556e+00
1.370546e+00
1.370536e+00
1.370527e+00
1.370518e+00
1.370509e+00
1.370501e+00
1.370492e+00
1.370484e+00
1.370476e+00
1.370469e+00
1.370461e+00
1.370454e+00
1.370447e+00
1.370440e+00
1.370433e+00
1.370427e+00
1.370420e+00
1.370414e+00
1.370408e+00
1.370402e+00
1.370396e+00
1.370391e+00
1.370385e+00
1.370380e+00
1.370375e+00
1.370370e+00
1.370365e+00
1.370360e+00
1.370355e+00
1.370351e+00
1.370346e+00
1.370342e+00
1.370338e+00
1.370334e+00
1.370330e+00
1.370326e+00
1.370322e+00
1.370318e+00
1.370315e+00
1.370311e+00
1.370308e+00
1.370305e+00
1.370301e+00
1.370298e+00
1.370295e+00
1.370292e+00
1.370289e+00
1.370286e+00
1.370284e+00
1.370281e+00
1.370278e+00
1.370276e+00
1.370273e+00
1.370271e+00
1.370269e+00
1.370266e+00
1.370264e+00
1.370262e+00
1.370260e+00
1.370258e+00
1.370256e+00
1.370254e+00
1.370252e+00
1.370250e+00
1.370248e+00
1.370247e+00
1.370245e+00
1.370243e+00
1.370242e+00
1.370240e+00
1.370239e+00
1.370237e+00
1.370236e+00
1.370234e+00
1.370233e+00
1.370232e+00
1.370230e+00
1.370229e+00
1.370228e+00
1.370227e+00
1.370225e+00
1.370224e+00
1.370223e+00
1.370222e+00
1.370221e+00
1.370220e+00
1.370219e+00
1.370218e+00
1.370217e+00
1.370216e+00
1.370215e+00
1.370215e+00
1.370214e+00
1.370213e+00
1.370212e+00
1.370211e+00
1.370210e+00
1.370210e+00
1.370209e+00
1.370208e+00
1.370208e+00
1.370207e+00
1.370206e+00
1.370206e+00
1.370205e+00
1.370204e+00
1.370204e+00
1.370203e+00
1.370203e+00
1.370202e+00
1.370202e+00
1.370201e+00
1.370201e+00
1.370200e+00
1.370200e+00
1.370199e+00
1.370199e+00
1.370198e+00
1.370198e+00
1.370198e+00
1.370197e+00
1.370197e+00
1.370196e+00
1.370196e+00
1.370196e+00
1.370195e+00
1.370195e+00
1.370195e+00
1.370194e+00
1.370194e+00
1.370194e+00
1.370193e+00
1.370193e+00
1.370193e+00
1.370193e+00
1.370192e+00
1.370192e+00
1.370192e+00
1.370192e+00
1.370191e+00
1.370191e+00
1.370191e+00
1.370191e+00
1.370190e+00
1.370190e+00
1.370190e+00
1.370190e+00
1.370190e+00
1.370189e+00
1.370189e+00
1.370189e+00
1.370189e+00
1.370189e+00
1.370188e+00
1.370188e+00
1.370188e+00
1.370188e+00
1.370188e+00
1.370188e+00
1.370188e+00
1.370187e+00
1.370187e+00
1.370187e+00
1.370187e+00
1.370187e+00
1.370187e+00
1.370187e+00
1.370187e+00
1.370186e+00
1.370186e+00
1.370186e+00
1.370186e+00
1.370186e+00
1.370186e+00
1.370186e+00
1.370186e+00
1.370186e+00
1.370186e+00
1.370185e+00
1.370185e+00
1.370185e+00
1.370185e+00
1.370185e+00
1.370185e+00
1.370185e+00
1.370185e+00
1.370185e+00
1.370182e+00
